[9]
[19]
[31]
[32]
[32, 38]
[32, 38, 39]
[32, 38, 39, 48]
[32, 38, 48]
[32, 39]
[32, 39, 41]
[32, 39, 41, 48]
[32, 39, 48]
[32, 41]
[32, 41, 48]
[32, 48]
[32, 1004]
[36]
[36, 38]
[36, 38, 39]
[36, 38, 39, 48]
[36, 38, 48]
[36, 39]
[36, 39, 48]
[36, 48]
[37]
[37, 38]
[38]
[38, 39]
[38, 39, 41]
[38, 39, 41, 48]
[38, 39, 48]
[38, 41]
[38, 41, 48]
[38, 48]
[38, 1004]
[39]
[39, 41]
[39, 41, 48]
[39, 48]
[39, 48, 65]
[39, 48, 89]
[39, 60]
[39, 65]
[39, 79]
[39, 89]
[39, 413]
[39, 438]
[39, 475]
[39, 533]
[39, 1004]
[41]
[41, 48]
[41, 65]
[41, 1004]
[45]
[48]
[48, 65]
[48, 79]
[48, 89]
[48, 1004]
[49]
[60]
[65]
[65, 1004]
[78]
[79]
[89]
[89, 1004]
[101]
[101, 1004]
[110]
[117]
[123]
[147]
[161]
[170]
[170, 1004]
[175]
[179]
[185]
[185, 1004]
[201]
[225]
[225, 1004]
[237]
[237, 1004]
[242]
[249]
[249, 1004]
[255]
[255, 1004]
[258]
[264]
[270]
[270, 1004]
[271]
[271, 1004]
[286]
[301]
[301, 1004]
[310]
[310, 1004]
[338]
[338, 1004]
[413]
[413, 1004]
[438]
[438, 1004]
[475]
[475, 1004]
[479]
[479, 1004]
[522]
[522, 1004]
[533]
[533, 1004]
[548]
[548, 1004]
[589]
[589, 1004]
[592]
[592, 1004]
[604]
[604, 1004]
[677]
[677, 1004]
[740]
[740, 1004]
[783]
[783, 1004]
[824]
[824, 1004]
[956]
[956, 1004]
[1004]
[1004, 1146]
[1004, 1327]
[1004, 1393]
[1004, 2238]
[1004, 2958]
[1004, 3270]
[1004, 10515]
[1004, 12925]
[1004, 13041]
[1004, 14098]
[1004, 15832]
[1004, 16010]
[1004, 16217]
[1146]
[1327]
[1393]
[2238]
[2958]
[3270]
[10515]
[12925]
[13041]
[14098]
[15832]
[16010]
[16217]
