161
1004
101
10515
110
1146
117
123
12925
13041
1327
1393
14098
147
15832
16010
161
16217
170
175
179
185
19
201
2238
225
237
242
249
255
258
264
270
271
286
2958
301
31
310
32
3270
338
36
37
38
39
41
413
438
45
475
479
48
49
522
533
548
589
592
60
604
65
677
740
78
783
79
824
89
9
956
1004,101
1004,10515
1004,1146
1004,12925
1004,13041
1004,1327
1004,1393
1004,14098
1004,15832
1004,16010
1004,16217
1004,170
1004,185
1004,2238
1004,225
1004,237
1004,249
1004,255
1004,270
1004,271
1004,2958
1004,301
1004,310
1004,32
1004,3270
1004,338
1004,38
1004,39
1004,41
1004,413
1004,438
1004,475
1004,479
1004,48
1004,522
1004,533
1004,548
1004,589
1004,592
1004,604
1004,65
1004,677
1004,740
1004,783
1004,824
1004,89
1004,956
32,38
32,39
32,41
32,48
36,38
36,39
36,48
37,38
38,39
38,41
38,48
39,41
39,413
39,438
39,475
39,48
39,533
39,60
39,65
39,79
39,89
41,48
41,65
48,65
48,79
48,89
32,38,39
32,38,48
32,39,41
32,39,48
32,41,48
36,38,39
36,38,48
36,39,48
38,39,41
38,39,48
38,41,48
39,41,48
39,48,65
39,48,89
32,38,39,48
32,39,41,48
36,38,39,48
38,39,41,48
