[0]
[0, 39]
[0, 48]
[1]
[1, 39]
[1, 39, 48]
[1, 48]
[2]
[2, 32]
[2, 38]
[2, 39]
[2, 39, 48]
[2, 48]
[5]
[5, 39]
[5, 39, 48]
[5, 48]
[6]
[6, 39]
[6, 48]
[7]
[9]
[9, 32]
[9, 32, 39]
[9, 32, 39, 48]
[9, 32, 48]
[9, 38]
[9, 38, 39]
[9, 38, 39, 48]
[9, 38, 48]
[9, 39]
[9, 39, 41]
[9, 39, 41, 48]
[9, 39, 48]
[9, 41]
[9, 41, 48]
[9, 48]
[9, 65]
[9, 89]
[9, 101]
[9, 310]
[10]
[10, 32]
[10, 38]
[10, 39]
[10, 39, 41]
[10, 39, 41, 48]
[10, 39, 48]
[10, 41]
[10, 41, 48]
[10, 48]
[11]
[11, 32]
[11, 32, 39]
[11, 32, 48]
[11, 38]
[11, 38, 39]
[11, 38, 48]
[11, 39]
[11, 39, 41]
[11, 39, 41, 48]
[11, 39, 48]
[11, 41]
[11, 41, 48]
[11, 48]
[12]
[12, 32]
[12, 39]
[12, 39, 48]
[12, 41]
[12, 48]
[15]
[15, 39]
[15, 39, 48]
[15, 41]
[15, 48]
[16]
[18]
[18, 32]
[18, 32, 39]
[18, 32, 48]
[18, 38]
[18, 38, 39]
[18, 39]
[18, 39, 41]
[18, 39, 41, 48]
[18, 39, 48]
[18, 41]
[18, 41, 48]
[18, 48]
[19]
[19, 32]
[19, 32, 39]
[19, 32, 48]
[19, 38]
[19, 38, 39]
[19, 38, 48]
[19, 39]
[19, 39, 41]
[19, 39, 41, 48]
[19, 39, 48]
[19, 41]
[19, 41, 48]
[19, 48]
[22]
[23]
[23, 32]
[23, 38]
[23, 39]
[23, 39, 41]
[23, 39, 41, 48]
[23, 39, 48]
[23, 41]
[23, 41, 48]
[23, 48]
[23, 65]
[23, 101]
[24]
[26]
[27]
[30]
[30, 31]
[30, 32]
[30, 38]
[30, 39]
[30, 39, 41]
[30, 39, 48]
[30, 41]
[30, 41, 48]
[30, 48]
[31]
[31, 32]
[31, 32, 39]
[31, 32, 48]
[31, 38]
[31, 38, 39]
[31, 38, 48]
[31, 39]
[31, 39, 41]
[31, 39, 41, 48]
[31, 39, 48]
[31, 41]
[31, 41, 48]
[31, 48]
[31, 237]
[32]
[32, 36]
[32, 36, 38]
[32, 36, 38, 39]
[32, 36, 38, 39, 41]
[32, 36, 38, 39, 48]
[32, 36, 38, 41]
[32, 36, 38, 48]
[32, 36, 39]
[32, 36, 39, 41]
[32, 36, 39, 48]
[32, 36, 41]
[32, 36, 41, 48]
[32, 36, 48]
[32, 37]
[32, 37, 38]
[32, 37, 38, 39]
[32, 37, 38, 39, 48]
[32, 37, 38, 48]
[32, 37, 39]
[32, 37, 39, 48]
[32, 37, 48]
[32, 38]
[32, 38, 39]
[32, 38, 39, 41]
[32, 38, 39, 41, 48]
[32, 38, 39, 41, 110]
[32, 38, 39, 41, 170]
[32, 38, 39, 47]
[32, 38, 39, 47, 48]
[32, 38, 39, 48]
[32, 38, 39, 48, 89]
[32, 38, 39, 48, 110]
[32, 38, 39, 48, 170]
[32, 38, 39, 48, 286]
[32, 38, 39, 65]
[32, 38, 39, 89]
[32, 38, 39, 105]
[32, 38, 39, 110]
[32, 38, 39, 170]
[32, 38, 39, 225]
[32, 38, 39, 237]
[32, 38, 39, 286]
[32, 38, 41]
[32, 38, 41, 48]
[32, 38, 41, 48, 170]
[32, 38, 41, 110]
[32, 38, 41, 170]
[32, 38, 47]
[32, 38, 47, 48]
[32, 38, 48]
[32, 38, 48, 65]
[32, 38, 48, 89]
[32, 38, 48, 110]
[32, 38, 48, 170]
[32, 38, 48, 225]
[32, 38, 48, 237]
[32, 38, 48, 286]
[32, 38, 55]
[32, 38, 56]
[32, 38, 65]
[32, 38, 89]
[32, 38, 105]
[32, 38, 110]
[32, 38, 170]
[32, 38, 225]
[32, 38, 237]
[32, 38, 270]
[32, 38, 271]
[32, 38, 286]
[32, 38, 310]
[32, 38, 371]
[32, 38, 438]
[32, 38, 790]
[32, 38, 840]
[32, 38, 2238]
[32, 39]
[32, 39, 41]
[32, 39, 41, 48]
[32, 39, 41, 48, 65]
[32, 39, 41, 48, 89]
[32, 39, 41, 48, 170]
[32, 39, 41, 48, 225]
[32, 39, 41, 48, 310]
[32, 39, 41, 48, 475]
[32, 39, 41, 65]
[32, 39, 41, 79]
[32, 39, 41, 89]
[32, 39, 41, 110]
[32, 39, 41, 147]
[32, 39, 41, 170]
[32, 39, 41, 225]
[32, 39, 41, 237]
[32, 39, 41, 270]
[32, 39, 41, 271]
[32, 39, 41, 310]
[32, 39, 41, 475]
[32, 39, 41, 1146]
[32, 39, 41, 2238]
[32, 39, 47]
[32, 39, 47, 48]
[32, 39, 48]
[32, 39, 48, 49]
[32, 39, 48, 60]
[32, 39, 48, 65]
[32, 39, 48, 78]
[32, 39, 48, 79]
[32, 39, 48, 89]
[32, 39, 48, 101]
[32, 39, 48, 110]
[32, 39, 48, 117]
[32, 39, 48, 123]
[32, 39, 48, 147]
[32, 39, 48, 170]
[32, 39, 48, 179]
[32, 39, 48, 185]
[32, 39, 48, 225]
[32, 39, 48, 229]
[32, 39, 48, 237]
[32, 39, 48, 249]
[32, 39, 48, 255]
[32, 39, 48, 258]
[32, 39, 48, 270]
[32, 39, 48, 271]
[32, 39, 48, 286]
[32, 39, 48, 301]
[32, 39, 48, 310]
[32, 39, 48, 338]
[32, 39, 48, 413]
[32, 39, 48, 438]
[32, 39, 48, 475]
[32, 39, 48, 533]
[32, 39, 48, 548]
[32, 39, 48, 549]
[32, 39, 48, 589]
[32, 39, 48, 592]
[32, 39, 48, 604]
[32, 39, 48, 677]
[32, 39, 48, 783]
[32, 39, 48, 824]
[32, 39, 48, 956]
[32, 39, 48, 1004]
[32, 39, 48, 1046]
[32, 39, 48, 1135]
[32, 39, 48, 1146]
[32, 39, 48, 1327]
[32, 39, 48, 1393]
[32, 39, 48, 2238]
[32, 39, 48, 2958]
[32, 39, 48, 12925]
[32, 39, 48, 12929]
[32, 39, 48, 13041]
[32, 39, 48, 14098]
[32, 39, 48, 15832]
[32, 39, 48, 16010]
[32, 39, 49]
[32, 39, 60]
[32, 39, 65]
[32, 39, 76]
[32, 39, 78]
[32, 39, 79]
[32, 39, 89]
[32, 39, 101]
[32, 39, 103]
[32, 39, 105]
[32, 39, 107]
[32, 39, 110]
[32, 39, 117]
[32, 39, 123]
[32, 39, 147]
[32, 39, 156]
[32, 39, 161]
[32, 39, 170]
[32, 39, 175]
[32, 39, 179]
[32, 39, 185]
[32, 39, 186]
[32, 39, 201]
[32, 39, 225]
[32, 39, 229]
[32, 39, 237]
[32, 39, 249]
[32, 39, 251]
[32, 39, 255]
[32, 39, 258]
[32, 39, 264]
[32, 39, 269]
[32, 39, 270]
[32, 39, 270, 271]
[32, 39, 271]
[32, 39, 279]
[32, 39, 286]
[32, 39, 301]
[32, 39, 310]
[32, 39, 334]
[32, 39, 338]
[32, 39, 389]
[32, 39, 396]
[32, 39, 405]
[32, 39, 407]
[32, 39, 413]
[32, 39, 438]
[32, 39, 449]
[32, 39, 475]
[32, 39, 479]
[32, 39, 488]
[32, 39, 522]
[32, 39, 533]
[32, 39, 544]
[32, 39, 548]
[32, 39, 549]
[32, 39, 570]
[32, 39, 589]
[32, 39, 592]
[32, 39, 604]
[32, 39, 649]
[32, 39, 677]
[32, 39, 703]
[32, 39, 740]
[32, 39, 772]
[32, 39, 783]
[32, 39, 789]
[32, 39, 806]
[32, 39, 812]
[32, 39, 824]
[32, 39, 910]
[32, 39, 956]
[32, 39, 1004]
[32, 39, 1046]
[32, 39, 1067]
[32, 39, 1135]
[32, 39, 1146]
[32, 39, 1198]
[32, 39, 1327]
[32, 39, 1344]
[32, 39, 1393]
[32, 39, 1578]
[32, 39, 1600]
[32, 39, 1715]
[32, 39, 2238]
[32, 39, 2958]
[32, 39, 3270]
[32, 39, 3616]
[32, 39, 8978]
[32, 39, 10446]
[32, 39, 10515]
[32, 39, 12925]
[32, 39, 12929]
[32, 39, 13041]
[32, 39, 14098]
[32, 39, 15832]
[32, 39, 16010]
[32, 39, 16011]
[32, 39, 16217]
[32, 41]
[32, 41, 48]
[32, 41, 48, 65]
[32, 41, 48, 79]
[32, 41, 48, 89]
[32, 41, 48, 170]
[32, 41, 48, 225]
[32, 41, 48, 237]
[32, 41, 48, 270]
[32, 41, 48, 310]
[32, 41, 48, 475]
[32, 41, 48, 1146]
[32, 41, 65]
[32, 41, 79]
[32, 41, 89]
[32, 41, 101]
[32, 41, 110]
[32, 41, 147]
[32, 41, 170]
[32, 41, 185]
[32, 41, 225]
[32, 41, 237]
[32, 41, 270]
[32, 41, 271]
[32, 41, 310]
[32, 41, 413]
[32, 41, 438]
[32, 41, 475]
[32, 41, 1146]
[32, 41, 1327]
[32, 41, 2238]
[32, 41, 13041]
[32, 41, 15832]
[32, 41, 16010]
[32, 45]
[32, 47]
[32, 47, 48]
[32, 48]
[32, 48, 49]
[32, 48, 60]
[32, 48, 65]
[32, 48, 76]
[32, 48, 78]
[32, 48, 79]
[32, 48, 89]
[32, 48, 101]
[32, 48, 103]
[32, 48, 107]
[32, 48, 110]
[32, 48, 117]
[32, 48, 123]
[32, 48, 147]
[32, 48, 161]
[32, 48, 170]
[32, 48, 175]
[32, 48, 179]
[32, 48, 185]
[32, 48, 186]
[32, 48, 201]
[32, 48, 225]
[32, 48, 229]
[32, 48, 237]
[32, 48, 249]
[32, 48, 255]
[32, 48, 258]
[32, 48, 264]
[32, 48, 269]
[32, 48, 270]
[32, 48, 271]
[32, 48, 279]
[32, 48, 286]
[32, 48, 301]
[32, 48, 310]
[32, 48, 334]
[32, 48, 338]
[32, 48, 340]
[32, 48, 389]
[32, 48, 405]
[32, 48, 407]
[32, 48, 413]
[32, 48, 438]
[32, 48, 449]
[32, 48, 475]
[32, 48, 479]
[32, 48, 488]
[32, 48, 522]
[32, 48, 533]
[32, 48, 548]
[32, 48, 549]
[32, 48, 570]
[32, 48, 589]
[32, 48, 592]
[32, 48, 604]
[32, 48, 677]
[32, 48, 772]
[32, 48, 783]
[32, 48, 789]
[32, 48, 812]
[32, 48, 824]
[32, 48, 865]
[32, 48, 910]
[32, 48, 956]
[32, 48, 976]
[32, 48, 1004]
[32, 48, 1046]
[32, 48, 1067]
[32, 48, 1135]
[32, 48, 1146]
[32, 48, 1198]
[32, 48, 1327]
[32, 48, 1344]
[32, 48, 1393]
[32, 48, 1435]
[32, 48, 1578]
[32, 48, 1715]
[32, 48, 2199]
[32, 48, 2238]
[32, 48, 2329]
[32, 48, 2958]
[32, 48, 3270]
[32, 48, 3616]
[32, 48, 8978]
[32, 48, 10515]
[32, 48, 12925]
[32, 48, 12929]
[32, 48, 13041]
[32, 48, 14098]
[32, 48, 15832]
[32, 48, 16010]
[32, 48, 16010, 16011]
[32, 48, 16011]
[32, 48, 16217]
[32, 49]
[32, 52]
[32, 53]
[32, 55]
[32, 56]
[32, 60]
[32, 62]
[32, 65]
[32, 76]
[32, 78]
[32, 79]
[32, 80]
[32, 89]
[32, 94]
[32, 101]
[32, 103]
[32, 105]
[32, 107]
[32, 110]
[32, 117]
[32, 123]
[32, 136]
[32, 147]
[32, 150]
[32, 151]
[32, 156]
[32, 161]
[32, 170]
[32, 175]
[32, 178]
[32, 179]
[32, 185]
[32, 186]
[32, 201]
[32, 208]
[32, 209]
[32, 225]
[32, 229]
[32, 237]
[32, 242]
[32, 246]
[32, 249]
[32, 251]
[32, 255]
[32, 258]
[32, 259]
[32, 260]
[32, 261]
[32, 264]
[32, 267]
[32, 269]
[32, 270]
[32, 270, 271]
[32, 271]
[32, 272]
[32, 279]
[32, 286]
[32, 297]
[32, 301]
[32, 310]
[32, 319]
[32, 334]
[32, 338]
[32, 340]
[32, 351]
[32, 352]
[32, 371]
[32, 374]
[32, 379]
[32, 384]
[32, 389]
[32, 396]
[32, 398]
[32, 405]
[32, 407]
[32, 413]
[32, 418]
[32, 420]
[32, 425]
[32, 426]
[32, 438]
[32, 441]
[32, 449]
[32, 464]
[32, 475]
[32, 479]
[32, 488]
[32, 522]
[32, 533]
[32, 535]
[32, 544]
[32, 548]
[32, 549]
[32, 570]
[32, 571]
[32, 581]
[32, 589]
[32, 591]
[32, 592]
[32, 604]
[32, 623]
[32, 649]
[32, 664]
[32, 675]
[32, 677]
[32, 681]
[32, 703]
[32, 704]
[32, 734]
[32, 740]
[32, 766]
[32, 768]
[32, 772]
[32, 783]
[32, 789]
[32, 790]
[32, 798]
[32, 806]
[32, 808]
[32, 809]
[32, 812]
[32, 824]
[32, 830]
[32, 831]
[32, 840]
[32, 842]
[32, 846]
[32, 855]
[32, 856]
[32, 865]
[32, 878]
[32, 885]
[32, 910]
[32, 913]
[32, 947]
[32, 956]
[32, 961]
[32, 976]
[32, 979]
[32, 1004]
[32, 1020]
[32, 1043]
[32, 1045]
[32, 1046]
[32, 1062]
[32, 1066]
[32, 1067]
[32, 1080]
[32, 1082]
[32, 1103]
[32, 1135]
[32, 1144]
[32, 1146]
[32, 1198]
[32, 1239]
[32, 1327]
[32, 1344]
[32, 1355]
[32, 1393]
[32, 1404]
[32, 1417]
[32, 1435]
[32, 1479]
[32, 1481]
[32, 1486]
[32, 1578]
[32, 1585]
[32, 1600]
[32, 1659]
[32, 1677]
[32, 1693]
[32, 1704]
[32, 1715]
[32, 1783]
[32, 1814]
[32, 1859]
[32, 1872]
[32, 1973]
[32, 1986]
[32, 1987]
[32, 2046]
[32, 2051]
[32, 2056]
[32, 2115]
[32, 2118]
[32, 2135]
[32, 2168]
[32, 2199]
[32, 2238]
[32, 2254]
[32, 2329]
[32, 2343]
[32, 2383]
[32, 2437]
[32, 2515]
[32, 2879]
[32, 2958]
[32, 3270]
[32, 3616]
[32, 4336]
[32, 8978]
[32, 9501]
[32, 10446]
[32, 10515]
[32, 10656]
[32, 12925]
[32, 12929]
[32, 12935]
[32, 12946]
[32, 12959]
[32, 13041]
[32, 14098]
[32, 14933]
[32, 15618]
[32, 15832]
[32, 16010]
[32, 16010, 16011]
[32, 16011]
[32, 16217]
[32, 16430]
[36]
[36, 38]
[36, 38, 39]
[36, 38, 39, 41]
[36, 38, 39, 41, 48]
[36, 38, 39, 48]
[36, 38, 39, 48, 89]
[36, 38, 39, 65]
[36, 38, 39, 89]
[36, 38, 39, 110]
[36, 38, 39, 170]
[36, 38, 39, 225]
[36, 38, 39, 237]
[36, 38, 41]
[36, 38, 41, 48]
[36, 38, 48]
[36, 38, 48, 65]
[36, 38, 48, 89]
[36, 38, 48, 110]
[36, 38, 48, 170]
[36, 38, 48, 237]
[36, 38, 65]
[36, 38, 89]
[36, 38, 110]
[36, 38, 170]
[36, 38, 225]
[36, 38, 237]
[36, 38, 310]
[36, 39]
[36, 39, 41]
[36, 39, 41, 48]
[36, 39, 48]
[36, 39, 48, 89]
[36, 39, 65]
[36, 39, 89]
[36, 39, 110]
[36, 39, 170]
[36, 39, 225]
[36, 39, 237]
[36, 41]
[36, 41, 48]
[36, 48]
[36, 48, 65]
[36, 48, 89]
[36, 48, 110]
[36, 48, 170]
[36, 48, 237]
[36, 65]
[36, 89]
[36, 110]
[36, 170]
[36, 225]
[36, 237]
[36, 310]
[37]
[37, 38]
[37, 38, 39]
[37, 38, 39, 41]
[37, 38, 39, 41, 48]
[37, 38, 39, 48]
[37, 38, 41]
[37, 38, 41, 48]
[37, 38, 48]
[37, 39]
[37, 39, 41]
[37, 39, 41, 48]
[37, 39, 48]
[37, 41]
[37, 41, 48]
[37, 48]
[38]
[38, 39]
[38, 39, 41]
[38, 39, 41, 48]
[38, 39, 41, 48, 55]
[38, 39, 41, 48, 65]
[38, 39, 41, 48, 89]
[38, 39, 41, 48, 110]
[38, 39, 41, 48, 170]
[38, 39, 41, 48, 225]
[38, 39, 41, 48, 237]
[38, 39, 41, 48, 286]
[38, 39, 41, 48, 310]
[38, 39, 41, 48, 475]
[38, 39, 41, 48, 790]
[38, 39, 41, 55]
[38, 39, 41, 56]
[38, 39, 41, 65]
[38, 39, 41, 89]
[38, 39, 41, 101]
[38, 39, 41, 105]
[38, 39, 41, 110]
[38, 39, 41, 147]
[38, 39, 41, 170]
[38, 39, 41, 225]
[38, 39, 41, 237]
[38, 39, 41, 270]
[38, 39, 41, 286]
[38, 39, 41, 310]
[38, 39, 41, 371]
[38, 39, 41, 475]
[38, 39, 41, 790]
[38, 39, 41, 1146]
[38, 39, 41, 1327]
[38, 39, 41, 2238]
[38, 39, 41, 3904]
[38, 39, 41, 16010]
[38, 39, 45]
[38, 39, 47]
[38, 39, 47, 48]
[38, 39, 48]
[38, 39, 48, 49]
[38, 39, 48, 55]
[38, 39, 48, 56]
[38, 39, 48, 60]
[38, 39, 48, 65]
[38, 39, 48, 78]
[38, 39, 48, 79]
[38, 39, 48, 89]
[38, 39, 48, 89, 170]
[38, 39, 48, 101]
[38, 39, 48, 103]
[38, 39, 48, 105]
[38, 39, 48, 107]
[38, 39, 48, 110]
[38, 39, 48, 147]
[38, 39, 48, 156]
[38, 39, 48, 161]
[38, 39, 48, 170]
[38, 39, 48, 170, 237]
[38, 39, 48, 185]
[38, 39, 48, 225]
[38, 39, 48, 229]
[38, 39, 48, 237]
[38, 39, 48, 249]
[38, 39, 48, 255]
[38, 39, 48, 258]
[38, 39, 48, 264]
[38, 39, 48, 270]
[38, 39, 48, 271]
[38, 39, 48, 281]
[38, 39, 48, 286]
[38, 39, 48, 310]
[38, 39, 48, 338]
[38, 39, 48, 370]
[38, 39, 48, 371]
[38, 39, 48, 389]
[38, 39, 48, 390]
[38, 39, 48, 413]
[38, 39, 48, 438]
[38, 39, 48, 475]
[38, 39, 48, 533]
[38, 39, 48, 548]
[38, 39, 48, 592]
[38, 39, 48, 604]
[38, 39, 48, 783]
[38, 39, 48, 790]
[38, 39, 48, 840]
[38, 39, 48, 1135]
[38, 39, 48, 1146]
[38, 39, 48, 1188]
[38, 39, 48, 1327]
[38, 39, 48, 1393]
[38, 39, 48, 1529]
[38, 39, 48, 2238]
[38, 39, 48, 2805]
[38, 39, 48, 2958]
[38, 39, 48, 3270]
[38, 39, 48, 3904]
[38, 39, 48, 12925]
[38, 39, 48, 14098]
[38, 39, 48, 16010]
[38, 39, 49]
[38, 39, 55]
[38, 39, 56]
[38, 39, 60]
[38, 39, 65]
[38, 39, 76]
[38, 39, 78]
[38, 39, 79]
[38, 39, 89]
[38, 39, 89, 170]
[38, 39, 101]
[38, 39, 103]
[38, 39, 105]
[38, 39, 107]
[38, 39, 110]
[38, 39, 110, 170]
[38, 39, 117]
[38, 39, 123]
[38, 39, 147]
[38, 39, 156]
[38, 39, 161]
[38, 39, 170]
[38, 39, 170, 225]
[38, 39, 170, 237]
[38, 39, 175]
[38, 39, 179]
[38, 39, 185]
[38, 39, 201]
[38, 39, 225]
[38, 39, 229]
[38, 39, 237]
[38, 39, 242]
[38, 39, 249]
[38, 39, 255]
[38, 39, 258]
[38, 39, 260]
[38, 39, 261]
[38, 39, 264]
[38, 39, 267]
[38, 39, 269]
[38, 39, 270]
[38, 39, 270, 271]
[38, 39, 271]
[38, 39, 272]
[38, 39, 279]
[38, 39, 281]
[38, 39, 286]
[38, 39, 301]
[38, 39, 310]
[38, 39, 338]
[38, 39, 370]
[38, 39, 371]
[38, 39, 389]
[38, 39, 390]
[38, 39, 405]
[38, 39, 413]
[38, 39, 438]
[38, 39, 475]
[38, 39, 479]
[38, 39, 504]
[38, 39, 522]
[38, 39, 533]
[38, 39, 548]
[38, 39, 570]
[38, 39, 589]
[38, 39, 592]
[38, 39, 604]
[38, 39, 649]
[38, 39, 664]
[38, 39, 677]
[38, 39, 681]
[38, 39, 740]
[38, 39, 783]
[38, 39, 790]
[38, 39, 806]
[38, 39, 824]
[38, 39, 840]
[38, 39, 956]
[38, 39, 976]
[38, 39, 1004]
[38, 39, 1135]
[38, 39, 1146]
[38, 39, 1188]
[38, 39, 1327]
[38, 39, 1344]
[38, 39, 1393]
[38, 39, 1479]
[38, 39, 1529]
[38, 39, 1578]
[38, 39, 1590]
[38, 39, 1600]
[38, 39, 1727]
[38, 39, 1814]
[38, 39, 1831]
[38, 39, 1986]
[38, 39, 2238]
[38, 39, 2383]
[38, 39, 2437]
[38, 39, 2805]
[38, 39, 2958]
[38, 39, 3005]
[38, 39, 3270]
[38, 39, 3616]
[38, 39, 3904]
[38, 39, 8978]
[38, 39, 12925]
[38, 39, 12929]
[38, 39, 13041]
[38, 39, 14098]
[38, 39, 15832]
[38, 39, 16010]
[38, 39, 16217]
[38, 41]
[38, 41, 47]
[38, 41, 48]
[38, 41, 48, 55]
[38, 41, 48, 65]
[38, 41, 48, 89]
[38, 41, 48, 105]
[38, 41, 48, 110]
[38, 41, 48, 170]
[38, 41, 48, 225]
[38, 41, 48, 237]
[38, 41, 48, 286]
[38, 41, 48, 310]
[38, 41, 48, 371]
[38, 41, 48, 475]
[38, 41, 48, 790]
[38, 41, 48, 1327]
[38, 41, 48, 2238]
[38, 41, 55]
[38, 41, 56]
[38, 41, 65]
[38, 41, 79]
[38, 41, 89]
[38, 41, 101]
[38, 41, 105]
[38, 41, 110]
[38, 41, 147]
[38, 41, 170]
[38, 41, 225]
[38, 41, 237]
[38, 41, 249]
[38, 41, 255]
[38, 41, 270]
[38, 41, 271]
[38, 41, 281]
[38, 41, 286]
[38, 41, 310]
[38, 41, 370]
[38, 41, 371]
[38, 41, 390]
[38, 41, 413]
[38, 41, 438]
[38, 41, 475]
[38, 41, 790]
[38, 41, 840]
[38, 41, 1146]
[38, 41, 1327]
[38, 41, 2238]
[38, 41, 3904]
[38, 41, 15832]
[38, 41, 16010]
[38, 41, 16217]
[38, 45]
[38, 45, 48]
[38, 47]
[38, 47, 48]
[38, 48]
[38, 48, 49]
[38, 48, 55]
[38, 48, 56]
[38, 48, 60]
[38, 48, 65]
[38, 48, 76]
[38, 48, 78]
[38, 48, 79]
[38, 48, 89]
[38, 48, 89, 170]
[38, 48, 101]
[38, 48, 103]
[38, 48, 105]
[38, 48, 107]
[38, 48, 110]
[38, 48, 123]
[38, 48, 147]
[38, 48, 156]
[38, 48, 161]
[38, 48, 170]
[38, 48, 170, 237]
[38, 48, 175]
[38, 48, 179]
[38, 48, 185]
[38, 48, 201]
[38, 48, 225]
[38, 48, 229]
[38, 48, 237]
[38, 48, 242]
[38, 48, 249]
[38, 48, 255]
[38, 48, 258]
[38, 48, 261]
[38, 48, 264]
[38, 48, 267]
[38, 48, 269]
[38, 48, 270]
[38, 48, 270, 271]
[38, 48, 271]
[38, 48, 272]
[38, 48, 281]
[38, 48, 286]
[38, 48, 301]
[38, 48, 310]
[38, 48, 338]
[38, 48, 370]
[38, 48, 371]
[38, 48, 389]
[38, 48, 390]
[38, 48, 413]
[38, 48, 438]
[38, 48, 475]
[38, 48, 504]
[38, 48, 533]
[38, 48, 548]
[38, 48, 570]
[38, 48, 589]
[38, 48, 592]
[38, 48, 604]
[38, 48, 649]
[38, 48, 664]
[38, 48, 677]
[38, 48, 740]
[38, 48, 783]
[38, 48, 790]
[38, 48, 806]
[38, 48, 824]
[38, 48, 840]
[38, 48, 956]
[38, 48, 1004]
[38, 48, 1135]
[38, 48, 1146]
[38, 48, 1188]
[38, 48, 1327]
[38, 48, 1344]
[38, 48, 1393]
[38, 48, 1529]
[38, 48, 1578]
[38, 48, 1590]
[38, 48, 1727]
[38, 48, 1814]
[38, 48, 1831]
[38, 48, 2238]
[38, 48, 2805]
[38, 48, 2958]
[38, 48, 3005]
[38, 48, 3270]
[38, 48, 3904]
[38, 48, 12925]
[38, 48, 12929]
[38, 48, 13041]
[38, 48, 14098]
[38, 48, 15832]
[38, 48, 16010]
[38, 48, 16217]
[38, 49]
[38, 55]
[38, 56]
[38, 60]
[38, 65]
[38, 65, 170]
[38, 76]
[38, 78]
[38, 79]
[38, 80]
[38, 89]
[38, 89, 110]
[38, 89, 170]
[38, 101]
[38, 103]
[38, 105]
[38, 107]
[38, 110]
[38, 110, 170]
[38, 110, 225]
[38, 110, 237]
[38, 117]
[38, 123]
[38, 147]
[38, 150]
[38, 156]
[38, 161]
[38, 170]
[38, 170, 225]
[38, 170, 237]
[38, 170, 310]
[38, 170, 438]
[38, 175]
[38, 178]
[38, 179]
[38, 185]
[38, 201]
[38, 225]
[38, 229]
[38, 237]
[38, 242]
[38, 249]
[38, 251]
[38, 255]
[38, 258]
[38, 260]
[38, 261]
[38, 264]
[38, 267]
[38, 269]
[38, 270]
[38, 270, 271]
[38, 271]
[38, 272]
[38, 279]
[38, 281]
[38, 286]
[38, 301]
[38, 310]
[38, 334]
[38, 338]
[38, 340]
[38, 351]
[38, 365]
[38, 370]
[38, 371]
[38, 374]
[38, 379]
[38, 389]
[38, 390]
[38, 396]
[38, 405]
[38, 407]
[38, 413]
[38, 426]
[38, 438]
[38, 441]
[38, 449]
[38, 464]
[38, 475]
[38, 479]
[38, 488]
[38, 490]
[38, 504]
[38, 522]
[38, 533]
[38, 535]
[38, 544]
[38, 548]
[38, 549]
[38, 570]
[38, 589]
[38, 592]
[38, 604]
[38, 649]
[38, 664]
[38, 675]
[38, 677]
[38, 681]
[38, 694]
[38, 703]
[38, 740]
[38, 766]
[38, 772]
[38, 783]
[38, 785]
[38, 789]
[38, 790]
[38, 806]
[38, 809]
[38, 812]
[38, 824]
[38, 840]
[38, 842]
[38, 846]
[38, 855]
[38, 865]
[38, 885]
[38, 903]
[38, 910]
[38, 916]
[38, 956]
[38, 976]
[38, 1004]
[38, 1043]
[38, 1067]
[38, 1135]
[38, 1144]
[38, 1146]
[38, 1188]
[38, 1198]
[38, 1209]
[38, 1327]
[38, 1344]
[38, 1355]
[38, 1393]
[38, 1435]
[38, 1479]
[38, 1529]
[38, 1543]
[38, 1578]
[38, 1590]
[38, 1600]
[38, 1714]
[38, 1727]
[38, 1814]
[38, 1831]
[38, 1842]
[38, 1986]
[38, 1987]
[38, 2046]
[38, 2199]
[38, 2238]
[38, 2241]
[38, 2284]
[38, 2383]
[38, 2437]
[38, 2505]
[38, 2523]
[38, 2749]
[38, 2805]
[38, 2958]
[38, 3005]
[38, 3270]
[38, 3510]
[38, 3616]
[38, 3854]
[38, 3904]
[38, 5152]
[38, 8978]
[38, 10446]
[38, 10515]
[38, 12925]
[38, 12929]
[38, 12946]
[38, 13041]
[38, 14098]
[38, 14933]
[38, 15618]
[38, 15832]
[38, 16010]
[38, 16010, 16011]
[38, 16011]
[38, 16217]
[39]
[39, 40]
[39, 41]
[39, 41, 45]
[39, 41, 45, 48]
[39, 41, 48]
[39, 41, 48, 49]
[39, 41, 48, 55]
[39, 41, 48, 60]
[39, 41, 48, 65]
[39, 41, 48, 76]
[39, 41, 48, 78]
[39, 41, 48, 79]
[39, 41, 48, 89]
[39, 41, 48, 101]
[39, 41, 48, 103]
[39, 41, 48, 107]
[39, 41, 48, 110]
[39, 41, 48, 117]
[39, 41, 48, 123]
[39, 41, 48, 147]
[39, 41, 48, 156]
[39, 41, 48, 161]
[39, 41, 48, 170]
[39, 41, 48, 175]
[39, 41, 48, 179]
[39, 41, 48, 185]
[39, 41, 48, 186]
[39, 41, 48, 201]
[39, 41, 48, 208]
[39, 41, 48, 225]
[39, 41, 48, 229]
[39, 41, 48, 237]
[39, 41, 48, 249]
[39, 41, 48, 255]
[39, 41, 48, 258]
[39, 41, 48, 264]
[39, 41, 48, 270]
[39, 41, 48, 270, 271]
[39, 41, 48, 271]
[39, 41, 48, 286]
[39, 41, 48, 301]
[39, 41, 48, 310]
[39, 41, 48, 338]
[39, 41, 48, 340]
[39, 41, 48, 352]
[39, 41, 48, 374]
[39, 41, 48, 389]
[39, 41, 48, 396]
[39, 41, 48, 407]
[39, 41, 48, 413]
[39, 41, 48, 438]
[39, 41, 48, 464]
[39, 41, 48, 475]
[39, 41, 48, 479]
[39, 41, 48, 522]
[39, 41, 48, 533]
[39, 41, 48, 535]
[39, 41, 48, 544]
[39, 41, 48, 548]
[39, 41, 48, 549]
[39, 41, 48, 570]
[39, 41, 48, 589]
[39, 41, 48, 592]
[39, 41, 48, 604]
[39, 41, 48, 649]
[39, 41, 48, 677]
[39, 41, 48, 740]
[39, 41, 48, 766]
[39, 41, 48, 783]
[39, 41, 48, 789]
[39, 41, 48, 790]
[39, 41, 48, 824]
[39, 41, 48, 846]
[39, 41, 48, 956]
[39, 41, 48, 976]
[39, 41, 48, 1004]
[39, 41, 48, 1067]
[39, 41, 48, 1135]
[39, 41, 48, 1146]
[39, 41, 48, 1198]
[39, 41, 48, 1327]
[39, 41, 48, 1344]
[39, 41, 48, 1393]
[39, 41, 48, 1435]
[39, 41, 48, 1578]
[39, 41, 48, 1600]
[39, 41, 48, 1715]
[39, 41, 48, 1814]
[39, 41, 48, 2199]
[39, 41, 48, 2238]
[39, 41, 48, 2437]
[39, 41, 48, 2958]
[39, 41, 48, 3270]
[39, 41, 48, 3616]
[39, 41, 48, 8978]
[39, 41, 48, 10515]
[39, 41, 48, 12925]
[39, 41, 48, 13041]
[39, 41, 48, 14098]
[39, 41, 48, 15618]
[39, 41, 48, 15832]
[39, 41, 48, 16010]
[39, 41, 48, 16010, 16011]
[39, 41, 48, 16011]
[39, 41, 48, 16217]
[39, 41, 49]
[39, 41, 52]
[39, 41, 53]
[39, 41, 55]
[39, 41, 56]
[39, 41, 60]
[39, 41, 65]
[39, 41, 76]
[39, 41, 78]
[39, 41, 79]
[39, 41, 89]
[39, 41, 94]
[39, 41, 101]
[39, 41, 103]
[39, 41, 105]
[39, 41, 107]
[39, 41, 110]
[39, 41, 117]
[39, 41, 123]
[39, 41, 136]
[39, 41, 147]
[39, 41, 150]
[39, 41, 156]
[39, 41, 161]
[39, 41, 170]
[39, 41, 175]
[39, 41, 179]
[39, 41, 185]
[39, 41, 186]
[39, 41, 201]
[39, 41, 208]
[39, 41, 225]
[39, 41, 225, 271]
[39, 41, 225, 2238]
[39, 41, 229]
[39, 41, 237]
[39, 41, 242]
[39, 41, 246]
[39, 41, 249]
[39, 41, 251]
[39, 41, 255]
[39, 41, 258]
[39, 41, 259]
[39, 41, 260]
[39, 41, 261]
[39, 41, 264]
[39, 41, 267]
[39, 41, 269]
[39, 41, 270]
[39, 41, 270, 271]
[39, 41, 271]
[39, 41, 272]
[39, 41, 279]
[39, 41, 286]
[39, 41, 297]
[39, 41, 301]
[39, 41, 310]
[39, 41, 334]
[39, 41, 338]
[39, 41, 340]
[39, 41, 352]
[39, 41, 365]
[39, 41, 370]
[39, 41, 371]
[39, 41, 374]
[39, 41, 379]
[39, 41, 384]
[39, 41, 389]
[39, 41, 396]
[39, 41, 398]
[39, 41, 405]
[39, 41, 407]
[39, 41, 413]
[39, 41, 420]
[39, 41, 425]
[39, 41, 426]
[39, 41, 432]
[39, 41, 438]
[39, 41, 449]
[39, 41, 464]
[39, 41, 475]
[39, 41, 479]
[39, 41, 488]
[39, 41, 522]
[39, 41, 533]
[39, 41, 535]
[39, 41, 544]
[39, 41, 548]
[39, 41, 549]
[39, 41, 570]
[39, 41, 571]
[39, 41, 581]
[39, 41, 589]
[39, 41, 591]
[39, 41, 592]
[39, 41, 604]
[39, 41, 623]
[39, 41, 649]
[39, 41, 664]
[39, 41, 675]
[39, 41, 677]
[39, 41, 681]
[39, 41, 703]
[39, 41, 740]
[39, 41, 766]
[39, 41, 772]
[39, 41, 783]
[39, 41, 789]
[39, 41, 790]
[39, 41, 793]
[39, 41, 798]
[39, 41, 806]
[39, 41, 808]
[39, 41, 809]
[39, 41, 812]
[39, 41, 824]
[39, 41, 846]
[39, 41, 855]
[39, 41, 878]
[39, 41, 910]
[39, 41, 913]
[39, 41, 916]
[39, 41, 947]
[39, 41, 956]
[39, 41, 961]
[39, 41, 976]
[39, 41, 979]
[39, 41, 1004]
[39, 41, 1067]
[39, 41, 1121]
[39, 41, 1135]
[39, 41, 1144]
[39, 41, 1146]
[39, 41, 1198]
[39, 41, 1239]
[39, 41, 1327]
[39, 41, 1344]
[39, 41, 1355]
[39, 41, 1393]
[39, 41, 1435]
[39, 41, 1543]
[39, 41, 1578]
[39, 41, 1600]
[39, 41, 1659]
[39, 41, 1714]
[39, 41, 1715]
[39, 41, 1783]
[39, 41, 1814]
[39, 41, 1859]
[39, 41, 1872]
[39, 41, 1986]
[39, 41, 1987]
[39, 41, 2046]
[39, 41, 2135]
[39, 41, 2168]
[39, 41, 2184]
[39, 41, 2199]
[39, 41, 2208]
[39, 41, 2238]
[39, 41, 2284]
[39, 41, 2383]
[39, 41, 2437]
[39, 41, 2673]
[39, 41, 2958]
[39, 41, 3270]
[39, 41, 3616]
[39, 41, 3904]
[39, 41, 4336]
[39, 41, 5729]
[39, 41, 8978]
[39, 41, 10444]
[39, 41, 10446]
[39, 41, 10515]
[39, 41, 12925]
[39, 41, 12929]
[39, 41, 13041]
[39, 41, 14098]
[39, 41, 14933]
[39, 41, 15578]
[39, 41, 15618]
[39, 41, 15832]
[39, 41, 16010]
[39, 41, 16010, 16011]
[39, 41, 16011]
[39, 41, 16217]
[39, 43]
[39, 44]
[39, 45]
[39, 45, 48]
[39, 47]
[39, 47, 48]
[39, 48]
[39, 48, 49]
[39, 48, 50]
[39, 48, 51]
[39, 48, 52]
[39, 48, 53]
[39, 48, 55]
[39, 48, 56]
[39, 48, 60]
[39, 48, 60, 89]
[39, 48, 62]
[39, 48, 64]
[39, 48, 65]
[39, 48, 65, 89]
[39, 48, 65, 225]
[39, 48, 65, 237]
[39, 48, 65, 310]
[39, 48, 65, 475]
[39, 48, 66]
[39, 48, 68]
[39, 48, 69]
[39, 48, 75]
[39, 48, 76]
[39, 48, 77]
[39, 48, 78]
[39, 48, 79]
[39, 48, 80]
[39, 48, 82]
[39, 48, 85]
[39, 48, 89]
[39, 48, 89, 101]
[39, 48, 89, 170]
[39, 48, 89, 225]
[39, 48, 89, 237]
[39, 48, 89, 310]
[39, 48, 89, 475]
[39, 48, 94]
[39, 48, 95]
[39, 48, 96]
[39, 48, 98]
[39, 48, 101]
[39, 48, 103]
[39, 48, 104]
[39, 48, 105]
[39, 48, 107]
[39, 48, 108]
[39, 48, 110]
[39, 48, 116]
[39, 48, 117]
[39, 48, 117, 976]
[39, 48, 123]
[39, 48, 128]
[39, 48, 133]
[39, 48, 136]
[39, 48, 141]
[39, 48, 147]
[39, 48, 150]
[39, 48, 151]
[39, 48, 155]
[39, 48, 156]
[39, 48, 161]
[39, 48, 164]
[39, 48, 165]
[39, 48, 166]
[39, 48, 167]
[39, 48, 168]
[39, 48, 169]
[39, 48, 170]
[39, 48, 170, 237]
[39, 48, 171]
[39, 48, 175]
[39, 48, 176]
[39, 48, 178]
[39, 48, 179]
[39, 48, 185]
[39, 48, 186]
[39, 48, 189]
[39, 48, 193]
[39, 48, 195]
[39, 48, 199]
[39, 48, 200]
[39, 48, 201]
[39, 48, 203]
[39, 48, 204]
[39, 48, 205]
[39, 48, 206]
[39, 48, 208]
[39, 48, 209]
[39, 48, 213]
[39, 48, 215]
[39, 48, 220]
[39, 48, 222]
[39, 48, 225]
[39, 48, 225, 270]
[39, 48, 225, 271]
[39, 48, 225, 310]
[39, 48, 225, 2238]
[39, 48, 229]
[39, 48, 232]
[39, 48, 234]
[39, 48, 235]
[39, 48, 237]
[39, 48, 237, 310]
[39, 48, 237, 475]
[39, 48, 242]
[39, 48, 244]
[39, 48, 246]
[39, 48, 248]
[39, 48, 249]
[39, 48, 250]
[39, 48, 251]
[39, 48, 255]
[39, 48, 256]
[39, 48, 258]
[39, 48, 259]
[39, 48, 260]
[39, 48, 261]
[39, 48, 262]
[39, 48, 264]
[39, 48, 267]
[39, 48, 269]
[39, 48, 270]
[39, 48, 270, 271]
[39, 48, 270, 2238]
[39, 48, 271]
[39, 48, 271, 2238]
[39, 48, 272]
[39, 48, 278]
[39, 48, 279]
[39, 48, 281]
[39, 48, 282]
[39, 48, 285]
[39, 48, 286]
[39, 48, 289]
[39, 48, 297]
[39, 48, 301]
[39, 48, 308]
[39, 48, 309]
[39, 48, 310]
[39, 48, 319]
[39, 48, 320]
[39, 48, 334]
[39, 48, 338]
[39, 48, 340]
[39, 48, 341]
[39, 48, 342]
[39, 48, 344]
[39, 48, 345]
[39, 48, 346]
[39, 48, 347]
[39, 48, 350]
[39, 48, 351]
[39, 48, 352]
[39, 48, 365]
[39, 48, 370]
[39, 48, 371]
[39, 48, 374]
[39, 48, 379]
[39, 48, 384]
[39, 48, 388]
[39, 48, 389]
[39, 48, 390]
[39, 48, 392]
[39, 48, 396]
[39, 48, 397]
[39, 48, 398]
[39, 48, 399]
[39, 48, 405]
[39, 48, 405, 10515]
[39, 48, 406]
[39, 48, 407]
[39, 48, 408]
[39, 48, 412]
[39, 48, 413]
[39, 48, 414]
[39, 48, 415]
[39, 48, 418]
[39, 48, 420]
[39, 48, 423]
[39, 48, 424]
[39, 48, 425]
[39, 48, 426]
[39, 48, 432]
[39, 48, 433]
[39, 48, 434]
[39, 48, 438]
[39, 48, 440]
[39, 48, 441]
[39, 48, 445]
[39, 48, 447]
[39, 48, 449]
[39, 48, 464]
[39, 48, 475]
[39, 48, 479]
[39, 48, 486]
[39, 48, 488]
[39, 48, 489]
[39, 48, 490]
[39, 48, 491]
[39, 48, 492]
[39, 48, 493]
[39, 48, 497]
[39, 48, 511]
[39, 48, 514]
[39, 48, 522]
[39, 48, 529]
[39, 48, 533]
[39, 48, 534]
[39, 48, 535]
[39, 48, 536]
[39, 48, 543]
[39, 48, 544]
[39, 48, 547]
[39, 48, 548]
[39, 48, 549]
[39, 48, 550]
[39, 48, 552]
[39, 48, 558]
[39, 48, 563]
[39, 48, 565]
[39, 48, 570]
[39, 48, 571]
[39, 48, 573]
[39, 48, 576]
[39, 48, 581]
[39, 48, 583]
[39, 48, 587]
[39, 48, 589]
[39, 48, 591]
[39, 48, 592]
[39, 48, 597]
[39, 48, 604]
[39, 48, 610]
[39, 48, 611]
[39, 48, 612]
[39, 48, 615]
[39, 48, 622]
[39, 48, 623]
[39, 48, 639]
[39, 48, 640]
[39, 48, 643]
[39, 48, 649]
[39, 48, 650]
[39, 48, 651]
[39, 48, 652]
[39, 48, 653]
[39, 48, 662]
[39, 48, 664]
[39, 48, 673]
[39, 48, 675]
[39, 48, 677]
[39, 48, 681]
[39, 48, 682]
[39, 48, 684]
[39, 48, 694]
[39, 48, 697]
[39, 48, 703]
[39, 48, 704]
[39, 48, 706]
[39, 48, 708]
[39, 48, 711]
[39, 48, 713]
[39, 48, 715]
[39, 48, 718]
[39, 48, 727]
[39, 48, 730]
[39, 48, 734]
[39, 48, 740]
[39, 48, 751]
[39, 48, 753]
[39, 48, 757]
[39, 48, 759]
[39, 48, 760]
[39, 48, 764]
[39, 48, 766]
[39, 48, 767]
[39, 48, 768]
[39, 48, 772]
[39, 48, 783]
[39, 48, 785]
[39, 48, 789]
[39, 48, 790]
[39, 48, 793]
[39, 48, 795]
[39, 48, 798]
[39, 48, 805]
[39, 48, 806]
[39, 48, 808]
[39, 48, 809]
[39, 48, 812]
[39, 48, 817]
[39, 48, 824]
[39, 48, 828]
[39, 48, 829]
[39, 48, 830]
[39, 48, 831]
[39, 48, 837]
[39, 48, 840]
[39, 48, 842]
[39, 48, 846]
[39, 48, 849]
[39, 48, 855]
[39, 48, 856]
[39, 48, 865]
[39, 48, 878]
[39, 48, 880]
[39, 48, 885]
[39, 48, 887]
[39, 48, 896]
[39, 48, 903]
[39, 48, 907]
[39, 48, 910]
[39, 48, 911]
[39, 48, 913]
[39, 48, 916]
[39, 48, 921]
[39, 48, 924]
[39, 48, 925]
[39, 48, 926]
[39, 48, 927]
[39, 48, 932]
[39, 48, 938]
[39, 48, 939]
[39, 48, 947]
[39, 48, 956]
[39, 48, 961]
[39, 48, 974]
[39, 48, 976]
[39, 48, 978]
[39, 48, 979]
[39, 48, 984]
[39, 48, 987]
[39, 48, 989]
[39, 48, 993]
[39, 48, 1000]
[39, 48, 1001]
[39, 48, 1003]
[39, 48, 1004]
[39, 48, 1010]
[39, 48, 1013]
[39, 48, 1014]
[39, 48, 1016]
[39, 48, 1020]
[39, 48, 1026]
[39, 48, 1027]
[39, 48, 1043]
[39, 48, 1046]
[39, 48, 1052]
[39, 48, 1055]
[39, 48, 1060]
[39, 48, 1062]
[39, 48, 1066]
[39, 48, 1067]
[39, 48, 1072]
[39, 48, 1080]
[39, 48, 1081]
[39, 48, 1082]
[39, 48, 1096]
[39, 48, 1103]
[39, 48, 1104]
[39, 48, 1113]
[39, 48, 1121]
[39, 48, 1126]
[39, 48, 1135]
[39, 48, 1143]
[39, 48, 1144]
[39, 48, 1146]
[39, 48, 1146, 3616]
[39, 48, 1158]
[39, 48, 1160]
[39, 48, 1163]
[39, 48, 1166]
[39, 48, 1172]
[39, 48, 1183]
[39, 48, 1184]
[39, 48, 1185]
[39, 48, 1188]
[39, 48, 1196]
[39, 48, 1198]
[39, 48, 1209]
[39, 48, 1214]
[39, 48, 1232]
[39, 48, 1239]
[39, 48, 1249]
[39, 48, 1257]
[39, 48, 1269]
[39, 48, 1275]
[39, 48, 1277]
[39, 48, 1280]
[39, 48, 1281]
[39, 48, 1282]
[39, 48, 1291]
[39, 48, 1294]
[39, 48, 1308]
[39, 48, 1313]
[39, 48, 1315]
[39, 48, 1318]
[39, 48, 1327]
[39, 48, 1332]
[39, 48, 1333]
[39, 48, 1342]
[39, 48, 1344]
[39, 48, 1345]
[39, 48, 1355]
[39, 48, 1360]
[39, 48, 1361]
[39, 48, 1372]
[39, 48, 1378]
[39, 48, 1379]
[39, 48, 1380]
[39, 48, 1390]
[39, 48, 1393]
[39, 48, 1395]
[39, 48, 1404]
[39, 48, 1417]
[39, 48, 1425]
[39, 48, 1435]
[39, 48, 1444]
[39, 48, 1476]
[39, 48, 1479]
[39, 48, 1481]
[39, 48, 1486]
[39, 48, 1489]
[39, 48, 1513]
[39, 48, 1517]
[39, 48, 1527]
[39, 48, 1529]
[39, 48, 1537]
[39, 48, 1538]
[39, 48, 1543]
[39, 48, 1557]
[39, 48, 1562]
[39, 48, 1564]
[39, 48, 1578]
[39, 48, 1585]
[39, 48, 1590]
[39, 48, 1591]
[39, 48, 1592]
[39, 48, 1593]
[39, 48, 1594]
[39, 48, 1595]
[39, 48, 1600]
[39, 48, 1602]
[39, 48, 1609]
[39, 48, 1616]
[39, 48, 1619]
[39, 48, 1629]
[39, 48, 1638]
[39, 48, 1642]
[39, 48, 1652]
[39, 48, 1655]
[39, 48, 1659]
[39, 48, 1670]
[39, 48, 1677]
[39, 48, 1693]
[39, 48, 1698]
[39, 48, 1704]
[39, 48, 1714]
[39, 48, 1715]
[39, 48, 1741]
[39, 48, 1744]
[39, 48, 1763]
[39, 48, 1783]
[39, 48, 1784]
[39, 48, 1786]
[39, 48, 1789]
[39, 48, 1804]
[39, 48, 1808]
[39, 48, 1814]
[39, 48, 1818]
[39, 48, 1819]
[39, 48, 1842]
[39, 48, 1859]
[39, 48, 1867]
[39, 48, 1872]
[39, 48, 1899]
[39, 48, 1903]
[39, 48, 1905]
[39, 48, 1930]
[39, 48, 1938]
[39, 48, 1939]
[39, 48, 1956]
[39, 48, 1964]
[39, 48, 1966]
[39, 48, 1971]
[39, 48, 1973]
[39, 48, 1976]
[39, 48, 1986]
[39, 48, 1987]
[39, 48, 1991]
[39, 48, 1994]
[39, 48, 1996]
[39, 48, 2011]
[39, 48, 2015]
[39, 48, 2046]
[39, 48, 2051]
[39, 48, 2052]
[39, 48, 2053]
[39, 48, 2054]
[39, 48, 2056]
[39, 48, 2065]
[39, 48, 2075]
[39, 48, 2080]
[39, 48, 2091]
[39, 48, 2097]
[39, 48, 2103]
[39, 48, 2113]
[39, 48, 2115]
[39, 48, 2118]
[39, 48, 2135]
[39, 48, 2147]
[39, 48, 2150]
[39, 48, 2164]
[39, 48, 2167]
[39, 48, 2168]
[39, 48, 2177]
[39, 48, 2184]
[39, 48, 2187]
[39, 48, 2188]
[39, 48, 2191]
[39, 48, 2199]
[39, 48, 2208]
[39, 48, 2212]
[39, 48, 2215]
[39, 48, 2238]
[39, 48, 2241]
[39, 48, 2254]
[39, 48, 2259]
[39, 48, 2284]
[39, 48, 2286]
[39, 48, 2325]
[39, 48, 2329]
[39, 48, 2343]
[39, 48, 2344]
[39, 48, 2350]
[39, 48, 2353]
[39, 48, 2364]
[39, 48, 2370]
[39, 48, 2375]
[39, 48, 2378]
[39, 48, 2383]
[39, 48, 2388]
[39, 48, 2389]
[39, 48, 2394]
[39, 48, 2399]
[39, 48, 2406]
[39, 48, 2408]
[39, 48, 2413]
[39, 48, 2420]
[39, 48, 2425]
[39, 48, 2437]
[39, 48, 2440]
[39, 48, 2441]
[39, 48, 2464]
[39, 48, 2468]
[39, 48, 2480]
[39, 48, 2492]
[39, 48, 2495]
[39, 48, 2505]
[39, 48, 2515]
[39, 48, 2523]
[39, 48, 2524]
[39, 48, 2528]
[39, 48, 2552]
[39, 48, 2561]
[39, 48, 2573]
[39, 48, 2596]
[39, 48, 2599]
[39, 48, 2625]
[39, 48, 2626]
[39, 48, 2629]
[39, 48, 2633]
[39, 48, 2634]
[39, 48, 2635]
[39, 48, 2663]
[39, 48, 2673]
[39, 48, 2706]
[39, 48, 2708]
[39, 48, 2723]
[39, 48, 2728]
[39, 48, 2746]
[39, 48, 2749]
[39, 48, 2763]
[39, 48, 2775]
[39, 48, 2788]
[39, 48, 2792]
[39, 48, 2805]
[39, 48, 2815]
[39, 48, 2843]
[39, 48, 2856]
[39, 48, 2874]
[39, 48, 2879]
[39, 48, 2894]
[39, 48, 2915]
[39, 48, 2958]
[39, 48, 2965]
[39, 48, 2983]
[39, 48, 2987]
[39, 48, 2988]
[39, 48, 2990]
[39, 48, 2991]
[39, 48, 2997]
[39, 48, 2998]
[39, 48, 3012]
[39, 48, 3086]
[39, 48, 3102]
[39, 48, 3149]
[39, 48, 3151]
[39, 48, 3160]
[39, 48, 3171]
[39, 48, 3189]
[39, 48, 3194]
[39, 48, 3202]
[39, 48, 3221]
[39, 48, 3270]
[39, 48, 3276]
[39, 48, 3279]
[39, 48, 3291]
[39, 48, 3294]
[39, 48, 3311]
[39, 48, 3315]
[39, 48, 3316]
[39, 48, 3317]
[39, 48, 3321]
[39, 48, 3361]
[39, 48, 3404]
[39, 48, 3412]
[39, 48, 3451]
[39, 48, 3462]
[39, 48, 3502]
[39, 48, 3510]
[39, 48, 3535]
[39, 48, 3616]
[39, 48, 3635]
[39, 48, 3668]
[39, 48, 3759]
[39, 48, 3774]
[39, 48, 3799]
[39, 48, 3808]
[39, 48, 3827]
[39, 48, 3904]
[39, 48, 3964]
[39, 48, 3966]
[39, 48, 4070]
[39, 48, 4105]
[39, 48, 4111]
[39, 48, 4207]
[39, 48, 4209]
[39, 48, 4221]
[39, 48, 4307]
[39, 48, 4316]
[39, 48, 4336]
[39, 48, 4339]
[39, 48, 4342]
[39, 48, 4344]
[39, 48, 4393]
[39, 48, 4524]
[39, 48, 4630]
[39, 48, 4650]
[39, 48, 4685]
[39, 48, 4698]
[39, 48, 4779]
[39, 48, 4883]
[39, 48, 4891]
[39, 48, 4899]
[39, 48, 4940]
[39, 48, 4945]
[39, 48, 4975]
[39, 48, 4994]
[39, 48, 5051]
[39, 48, 5074]
[39, 48, 5124]
[39, 48, 5152]
[39, 48, 5248]
[39, 48, 5358]
[39, 48, 5405]
[39, 48, 5651]
[39, 48, 5728]
[39, 48, 5729]
[39, 48, 5767]
[39, 48, 5782]
[39, 48, 6118]
[39, 48, 6128]
[39, 48, 7205]
[39, 48, 7975]
[39, 48, 8068]
[39, 48, 8691]
[39, 48, 8730]
[39, 48, 8867]
[39, 48, 8978]
[39, 48, 8978, 16010]
[39, 48, 8985]
[39, 48, 9001]
[39, 48, 9501]
[39, 48, 9555]
[39, 48, 9579]
[39, 48, 9669]
[39, 48, 9843]
[39, 48, 10074]
[39, 48, 10420]
[39, 48, 10423]
[39, 48, 10442]
[39, 48, 10444]
[39, 48, 10446]
[39, 48, 10448]
[39, 48, 10451]
[39, 48, 10490]
[39, 48, 10491]
[39, 48, 10513]
[39, 48, 10515]
[39, 48, 10525]
[39, 48, 10551]
[39, 48, 10568]
[39, 48, 10598]
[39, 48, 10605]
[39, 48, 10611]
[39, 48, 10653]
[39, 48, 10656]
[39, 48, 10943]
[39, 48, 11840]
[39, 48, 12473]
[39, 48, 12925]
[39, 48, 12929]
[39, 48, 12933]
[39, 48, 12935]
[39, 48, 12943]
[39, 48, 12946]
[39, 48, 12951]
[39, 48, 12959]
[39, 48, 12981]
[39, 48, 12982]
[39, 48, 13032]
[39, 48, 13041]
[39, 48, 13043]
[39, 48, 13060]
[39, 48, 13174]
[39, 48, 13189]
[39, 48, 13334]
[39, 48, 13443]
[39, 48, 14098]
[39, 48, 14099]
[39, 48, 14386]
[39, 48, 14933]
[39, 48, 15578]
[39, 48, 15618]
[39, 48, 15832]
[39, 48, 16010]
[39, 48, 16010, 16011]
[39, 48, 16011]
[39, 48, 16217]
[39, 48, 16430]
[39, 48, 16430, 16431]
[39, 48, 16431]
[39, 49]
[39, 50]
[39, 51]
[39, 52]
[39, 53]
[39, 55]
[39, 56]
[39, 58]
[39, 59]
[39, 60]
[39, 60, 65]
[39, 60, 89]
[39, 61]
[39, 62]
[39, 64]
[39, 65]
[39, 65, 89]
[39, 65, 101]
[39, 65, 147]
[39, 65, 201]
[39, 65, 225]
[39, 65, 237]
[39, 65, 255]
[39, 65, 271]
[39, 65, 301]
[39, 65, 310]
[39, 65, 413]
[39, 65, 475]
[39, 65, 2238]
[39, 66]
[39, 67]
[39, 68]
[39, 69]
[39, 75]
[39, 76]
[39, 77]
[39, 78]
[39, 78, 89]
[39, 79]
[39, 79, 225]
[39, 80]
[39, 82]
[39, 83]
[39, 85]
[39, 89]
[39, 89, 101]
[39, 89, 170]
[39, 89, 225]
[39, 89, 237]
[39, 89, 310]
[39, 89, 413]
[39, 89, 475]
[39, 89, 533]
[39, 91]
[39, 94]
[39, 95]
[39, 96]
[39, 98]
[39, 101]
[39, 101, 310]
[39, 101, 413]
[39, 102]
[39, 103]
[39, 104]
[39, 105]
[39, 107]
[39, 107, 548]
[39, 108]
[39, 110]
[39, 110, 170]
[39, 116]
[39, 117]
[39, 117, 976]
[39, 123]
[39, 127]
[39, 128]
[39, 129]
[39, 133]
[39, 136]
[39, 141]
[39, 147]
[39, 147, 179]
[39, 150]
[39, 151]
[39, 152]
[39, 155]
[39, 156]
[39, 161]
[39, 164]
[39, 165]
[39, 166]
[39, 167]
[39, 168]
[39, 169]
[39, 170]
[39, 170, 225]
[39, 170, 237]
[39, 171]
[39, 175]
[39, 175, 178]
[39, 175, 225]
[39, 175, 806]
[39, 175, 1355]
[39, 175, 13041]
[39, 176]
[39, 178]
[39, 179]
[39, 184]
[39, 185]
[39, 186]
[39, 189]
[39, 192]
[39, 193]
[39, 195]
[39, 197]
[39, 199]
[39, 200]
[39, 201]
[39, 203]
[39, 204]
[39, 205]
[39, 206]
[39, 207]
[39, 208]
[39, 209]
[39, 211]
[39, 213]
[39, 215]
[39, 220]
[39, 222]
[39, 225]
[39, 225, 237]
[39, 225, 270]
[39, 225, 270, 271]
[39, 225, 271]
[39, 225, 310]
[39, 225, 1146]
[39, 225, 2238]
[39, 227]
[39, 228]
[39, 229]
[39, 232]
[39, 234]
[39, 235]
[39, 236]
[39, 237]
[39, 237, 249]
[39, 237, 310]
[39, 237, 475]
[39, 242]
[39, 243]
[39, 244]
[39, 246]
[39, 248]
[39, 249]
[39, 249, 1144]
[39, 250]
[39, 251]
[39, 255]
[39, 256]
[39, 258]
[39, 259]
[39, 260]
[39, 261]
[39, 262]
[39, 264]
[39, 265]
[39, 267]
[39, 269]
[39, 270]
[39, 270, 271]
[39, 270, 2238]
[39, 271]
[39, 271, 2238]
[39, 272]
[39, 274]
[39, 278]
[39, 279]
[39, 281]
[39, 282]
[39, 284]
[39, 285]
[39, 286]
[39, 288]
[39, 289]
[39, 297]
[39, 297, 544]
[39, 301]
[39, 308]
[39, 308, 1269]
[39, 309]
[39, 309, 1080]
[39, 309, 1269]
[39, 309, 1378]
[39, 309, 1379]
[39, 309, 1380]
[39, 310]
[39, 314]
[39, 317]
[39, 319]
[39, 320]
[39, 325]
[39, 331]
[39, 334]
[39, 337]
[39, 338]
[39, 340]
[39, 341]
[39, 342]
[39, 344]
[39, 345]
[39, 346]
[39, 347]
[39, 348]
[39, 350]
[39, 351]
[39, 352]
[39, 357]
[39, 364]
[39, 365]
[39, 368]
[39, 370]
[39, 371]
[39, 374]
[39, 379]
[39, 382]
[39, 384]
[39, 388]
[39, 389]
[39, 390]
[39, 392]
[39, 393]
[39, 396]
[39, 397]
[39, 398]
[39, 399]
[39, 402]
[39, 405]
[39, 405, 10515]
[39, 406]
[39, 407]
[39, 408]
[39, 412]
[39, 413]
[39, 414]
[39, 415]
[39, 418]
[39, 420]
[39, 421]
[39, 422]
[39, 423]
[39, 424]
[39, 425]
[39, 426]
[39, 432]
[39, 433]
[39, 434]
[39, 435]
[39, 438]
[39, 440]
[39, 441]
[39, 441, 809]
[39, 442]
[39, 444]
[39, 445]
[39, 447]
[39, 448]
[39, 449]
[39, 460]
[39, 464]
[39, 467]
[39, 475]
[39, 479]
[39, 485]
[39, 486]
[39, 488]
[39, 489]
[39, 490]
[39, 491]
[39, 492]
[39, 493]
[39, 497]
[39, 500]
[39, 501]
[39, 504]
[39, 511]
[39, 514]
[39, 522]
[39, 525]
[39, 529]
[39, 533]
[39, 534]
[39, 535]
[39, 536]
[39, 541]
[39, 543]
[39, 544]
[39, 547]
[39, 548]
[39, 549]
[39, 550]
[39, 552]
[39, 555]
[39, 558]
[39, 560]
[39, 563]
[39, 565]
[39, 566]
[39, 567]
[39, 569]
[39, 570]
[39, 571]
[39, 572]
[39, 573]
[39, 576]
[39, 581]
[39, 583]
[39, 584]
[39, 587]
[39, 589]
[39, 591]
[39, 592]
[39, 593]
[39, 596]
[39, 597]
[39, 599]
[39, 604]
[39, 606]
[39, 610]
[39, 611]
[39, 612]
[39, 615]
[39, 621]
[39, 622]
[39, 623]
[39, 636]
[39, 637]
[39, 639]
[39, 640]
[39, 643]
[39, 647]
[39, 649]
[39, 650]
[39, 651]
[39, 652]
[39, 653]
[39, 660]
[39, 662]
[39, 664]
[39, 673]
[39, 675]
[39, 677]
[39, 681]
[39, 682]
[39, 683]
[39, 684]
[39, 694]
[39, 695]
[39, 696]
[39, 697]
[39, 698]
[39, 699]
[39, 703]
[39, 704]
[39, 705]
[39, 706]
[39, 708]
[39, 711]
[39, 712]
[39, 713]
[39, 714]
[39, 715]
[39, 718]
[39, 719]
[39, 727]
[39, 729]
[39, 730]
[39, 731]
[39, 734]
[39, 739]
[39, 740]
[39, 749]
[39, 751]
[39, 753]
[39, 755]
[39, 757]
[39, 759]
[39, 760]
[39, 763]
[39, 764]
[39, 766]
[39, 767]
[39, 768]
[39, 769]
[39, 770]
[39, 772]
[39, 781]
[39, 783]
[39, 785]
[39, 789]
[39, 790]
[39, 791]
[39, 793]
[39, 795]
[39, 795, 1818]
[39, 795, 1819]
[39, 795, 3311]
[39, 798]
[39, 801]
[39, 805]
[39, 806]
[39, 807]
[39, 808]
[39, 809]
[39, 812]
[39, 813]
[39, 817]
[39, 824]
[39, 826]
[39, 828]
[39, 829]
[39, 830]
[39, 831]
[39, 837]
[39, 840]
[39, 842]
[39, 846]
[39, 848]
[39, 849]
[39, 851]
[39, 854]
[39, 855]
[39, 856]
[39, 861]
[39, 865]
[39, 874]
[39, 877]
[39, 878]
[39, 880]
[39, 885]
[39, 887]
[39, 892]
[39, 896]
[39, 899]
[39, 903]
[39, 905]
[39, 907]
[39, 910]
[39, 911]
[39, 913]
[39, 914]
[39, 915]
[39, 916]
[39, 921]
[39, 924]
[39, 925]
[39, 926]
[39, 927]
[39, 932]
[39, 938]
[39, 939]
[39, 942]
[39, 947]
[39, 956]
[39, 958]
[39, 959]
[39, 961]
[39, 966]
[39, 968]
[39, 973]
[39, 974]
[39, 976]
[39, 978]
[39, 979]
[39, 981]
[39, 983]
[39, 984]
[39, 986]
[39, 987]
[39, 989]
[39, 993]
[39, 1000]
[39, 1001]
[39, 1003]
[39, 1004]
[39, 1010]
[39, 1012]
[39, 1013]
[39, 1014]
[39, 1015]
[39, 1016]
[39, 1020]
[39, 1023]
[39, 1024]
[39, 1025]
[39, 1026]
[39, 1027]
[39, 1031]
[39, 1034]
[39, 1035]
[39, 1043]
[39, 1046]
[39, 1052]
[39, 1053]
[39, 1055]
[39, 1060]
[39, 1062]
[39, 1063]
[39, 1066]
[39, 1067]
[39, 1071]
[39, 1072]
[39, 1080]
[39, 1080, 1269]
[39, 1080, 1379]
[39, 1081]
[39, 1082]
[39, 1085]
[39, 1090]
[39, 1096]
[39, 1103]
[39, 1104]
[39, 1105]
[39, 1113]
[39, 1115]
[39, 1120]
[39, 1121]
[39, 1123]
[39, 1124]
[39, 1126]
[39, 1130]
[39, 1135]
[39, 1143]
[39, 1144]
[39, 1145]
[39, 1146]
[39, 1146, 3616]
[39, 1158]
[39, 1160]
[39, 1161]
[39, 1163]
[39, 1166]
[39, 1172]
[39, 1178]
[39, 1180]
[39, 1183]
[39, 1184]
[39, 1185]
[39, 1188]
[39, 1192]
[39, 1196]
[39, 1198]
[39, 1209]
[39, 1214]
[39, 1215]
[39, 1219]
[39, 1232]
[39, 1233]
[39, 1239]
[39, 1249]
[39, 1257]
[39, 1269]
[39, 1275]
[39, 1277]
[39, 1280]
[39, 1281]
[39, 1282]
[39, 1286]
[39, 1290]
[39, 1291]
[39, 1294]
[39, 1308]
[39, 1311]
[39, 1313]
[39, 1315]
[39, 1318]
[39, 1327]
[39, 1332]
[39, 1333]
[39, 1342]
[39, 1343]
[39, 1344]
[39, 1345]
[39, 1354]
[39, 1355]
[39, 1360]
[39, 1361]
[39, 1368]
[39, 1372]
[39, 1378]
[39, 1378, 1379]
[39, 1379]
[39, 1380]
[39, 1387]
[39, 1390]
[39, 1393]
[39, 1395]
[39, 1396]
[39, 1404]
[39, 1408]
[39, 1410]
[39, 1417]
[39, 1425]
[39, 1426]
[39, 1428]
[39, 1430]
[39, 1433]
[39, 1435]
[39, 1439]
[39, 1444]
[39, 1459]
[39, 1473]
[39, 1476]
[39, 1479]
[39, 1481]
[39, 1486]
[39, 1489]
[39, 1497]
[39, 1503]
[39, 1513]
[39, 1517]
[39, 1527]
[39, 1529]
[39, 1536]
[39, 1537]
[39, 1538]
[39, 1543]
[39, 1547]
[39, 1557]
[39, 1562]
[39, 1564]
[39, 1569]
[39, 1570]
[39, 1578]
[39, 1585]
[39, 1590]
[39, 1591]
[39, 1592]
[39, 1593]
[39, 1594]
[39, 1595]
[39, 1596]
[39, 1598]
[39, 1600]
[39, 1602]
[39, 1603]
[39, 1609]
[39, 1612]
[39, 1615]
[39, 1616]
[39, 1619]
[39, 1629]
[39, 1638]
[39, 1640]
[39, 1642]
[39, 1652]
[39, 1655]
[39, 1658]
[39, 1659]
[39, 1670]
[39, 1677]
[39, 1678]
[39, 1679]
[39, 1693]
[39, 1696]
[39, 1697]
[39, 1698]
[39, 1704]
[39, 1714]
[39, 1715]
[39, 1727]
[39, 1736]
[39, 1739]
[39, 1741]
[39, 1744]
[39, 1763]
[39, 1765]
[39, 1771]
[39, 1772]
[39, 1773]
[39, 1776]
[39, 1781]
[39, 1783]
[39, 1784]
[39, 1786]
[39, 1789]
[39, 1791]
[39, 1796]
[39, 1804]
[39, 1805]
[39, 1808]
[39, 1811]
[39, 1814]
[39, 1815]
[39, 1818]
[39, 1818, 1819]
[39, 1818, 3311]
[39, 1819]
[39, 1819, 3311]
[39, 1821]
[39, 1831]
[39, 1837]
[39, 1842]
[39, 1854]
[39, 1859]
[39, 1867]
[39, 1872]
[39, 1874]
[39, 1877]
[39, 1884]
[39, 1896]
[39, 1897]
[39, 1899]
[39, 1903]
[39, 1905]
[39, 1909]
[39, 1922]
[39, 1929]
[39, 1930]
[39, 1938]
[39, 1939]
[39, 1951]
[39, 1956]
[39, 1964]
[39, 1966]
[39, 1971]
[39, 1973]
[39, 1976]
[39, 1981]
[39, 1986]
[39, 1987]
[39, 1991]
[39, 1994]
[39, 1996]
[39, 2002]
[39, 2004]
[39, 2011]
[39, 2015]
[39, 2039]
[39, 2046]
[39, 2049]
[39, 2051]
[39, 2052]
[39, 2053]
[39, 2054]
[39, 2056]
[39, 2058]
[39, 2060]
[39, 2061]
[39, 2064]
[39, 2065]
[39, 2069]
[39, 2075]
[39, 2079]
[39, 2080]
[39, 2084]
[39, 2091]
[39, 2097]
[39, 2103]
[39, 2110]
[39, 2113]
[39, 2115]
[39, 2117]
[39, 2118]
[39, 2122]
[39, 2129]
[39, 2135]
[39, 2147]
[39, 2150]
[39, 2154]
[39, 2164]
[39, 2167]
[39, 2168]
[39, 2177]
[39, 2182]
[39, 2184]
[39, 2186]
[39, 2187]
[39, 2188]
[39, 2191]
[39, 2199]
[39, 2201]
[39, 2202]
[39, 2208]
[39, 2210]
[39, 2212]
[39, 2215]
[39, 2225]
[39, 2238]
[39, 2238, 5728]
[39, 2238, 5729]
[39, 2239]
[39, 2240]
[39, 2241]
[39, 2254]
[39, 2259]
[39, 2263]
[39, 2269]
[39, 2276]
[39, 2284]
[39, 2284, 2505]
[39, 2286]
[39, 2297]
[39, 2325]
[39, 2326]
[39, 2327]
[39, 2329]
[39, 2343]
[39, 2344]
[39, 2350]
[39, 2351]
[39, 2353]
[39, 2364]
[39, 2370]
[39, 2375]
[39, 2378]
[39, 2383]
[39, 2388]
[39, 2389]
[39, 2394]
[39, 2399]
[39, 2402]
[39, 2406]
[39, 2408]
[39, 2413]
[39, 2417]
[39, 2420]
[39, 2424]
[39, 2425]
[39, 2437]
[39, 2440]
[39, 2441]
[39, 2464]
[39, 2468]
[39, 2469]
[39, 2471]
[39, 2476]
[39, 2480]
[39, 2492]
[39, 2493]
[39, 2495]
[39, 2505]
[39, 2506]
[39, 2513]
[39, 2514]
[39, 2515]
[39, 2519]
[39, 2523]
[39, 2524]
[39, 2528]
[39, 2537]
[39, 2550]
[39, 2552]
[39, 2554]
[39, 2561]
[39, 2573]
[39, 2596]
[39, 2598]
[39, 2599]
[39, 2621]
[39, 2624]
[39, 2625]
[39, 2626]
[39, 2629]
[39, 2630]
[39, 2633]
[39, 2634]
[39, 2635]
[39, 2654]
[39, 2661]
[39, 2663]
[39, 2669]
[39, 2673]
[39, 2706]
[39, 2708]
[39, 2715]
[39, 2720]
[39, 2723]
[39, 2728]
[39, 2746]
[39, 2749]
[39, 2760]
[39, 2763]
[39, 2767]
[39, 2769]
[39, 2771]
[39, 2775]
[39, 2785]
[39, 2788]
[39, 2792]
[39, 2793]
[39, 2800]
[39, 2805]
[39, 2810]
[39, 2812]
[39, 2815]
[39, 2818]
[39, 2820]
[39, 2822]
[39, 2830]
[39, 2837]
[39, 2840]
[39, 2842]
[39, 2843]
[39, 2853]
[39, 2854]
[39, 2855]
[39, 2856]
[39, 2861]
[39, 2870]
[39, 2874]
[39, 2876]
[39, 2879]
[39, 2880]
[39, 2891]
[39, 2894]
[39, 2907]
[39, 2915]
[39, 2958]
[39, 2965]
[39, 2967]
[39, 2983]
[39, 2987]
[39, 2988]
[39, 2990]
[39, 2991]
[39, 2997]
[39, 2998]
[39, 3005]
[39, 3006]
[39, 3012]
[39, 3021]
[39, 3034]
[39, 3047]
[39, 3055]
[39, 3086]
[39, 3101]
[39, 3102]
[39, 3106]
[39, 3149]
[39, 3151]
[39, 3160]
[39, 3161]
[39, 3171]
[39, 3185]
[39, 3186]
[39, 3189]
[39, 3194]
[39, 3202]
[39, 3214]
[39, 3221]
[39, 3236]
[39, 3240]
[39, 3270]
[39, 3271]
[39, 3272]
[39, 3276]
[39, 3279]
[39, 3291]
[39, 3292]
[39, 3294]
[39, 3297]
[39, 3311]
[39, 3312]
[39, 3314]
[39, 3315]
[39, 3316]
[39, 3317]
[39, 3319]
[39, 3321]
[39, 3324]
[39, 3336]
[39, 3338]
[39, 3361]
[39, 3402]
[39, 3404]
[39, 3405]
[39, 3410]
[39, 3412]
[39, 3420]
[39, 3434]
[39, 3451]
[39, 3462]
[39, 3502]
[39, 3504]
[39, 3510]
[39, 3521]
[39, 3535]
[39, 3535, 3537]
[39, 3537]
[39, 3539]
[39, 3546]
[39, 3551]
[39, 3553]
[39, 3569]
[39, 3573]
[39, 3616]
[39, 3635]
[39, 3638]
[39, 3642]
[39, 3660]
[39, 3668]
[39, 3683]
[39, 3724]
[39, 3735]
[39, 3742]
[39, 3756]
[39, 3759]
[39, 3762]
[39, 3772]
[39, 3774]
[39, 3799]
[39, 3808]
[39, 3827]
[39, 3840]
[39, 3855]
[39, 3857]
[39, 3867]
[39, 3884]
[39, 3896]
[39, 3903]
[39, 3904]
[39, 3964]
[39, 3966]
[39, 3973]
[39, 3988]
[39, 4061]
[39, 4064]
[39, 4070]
[39, 4080]
[39, 4105]
[39, 4111]
[39, 4113]
[39, 4127]
[39, 4144]
[39, 4170]
[39, 4201]
[39, 4207]
[39, 4209]
[39, 4221]
[39, 4226]
[39, 4251]
[39, 4265]
[39, 4270]
[39, 4278]
[39, 4297]
[39, 4307]
[39, 4310]
[39, 4316]
[39, 4336]
[39, 4339]
[39, 4342]
[39, 4344]
[39, 4357]
[39, 4360]
[39, 4383]
[39, 4386]
[39, 4389]
[39, 4393]
[39, 4424]
[39, 4433]
[39, 4472]
[39, 4486]
[39, 4524]
[39, 4548]
[39, 4552]
[39, 4556]
[39, 4563]
[39, 4630]
[39, 4640]
[39, 4642]
[39, 4643]
[39, 4650]
[39, 4685]
[39, 4698]
[39, 4720]
[39, 4731]
[39, 4744]
[39, 4753]
[39, 4771]
[39, 4779]
[39, 4801]
[39, 4843]
[39, 4859]
[39, 4883]
[39, 4886]
[39, 4891]
[39, 4899]
[39, 4913]
[39, 4940]
[39, 4945]
[39, 4975]
[39, 4994]
[39, 5051]
[39, 5074]
[39, 5108]
[39, 5124]
[39, 5127]
[39, 5152]
[39, 5164]
[39, 5178]
[39, 5248]
[39, 5289]
[39, 5315]
[39, 5323]
[39, 5328]
[39, 5339]
[39, 5346]
[39, 5358]
[39, 5405]
[39, 5651]
[39, 5728]
[39, 5729]
[39, 5767]
[39, 5771]
[39, 5782]
[39, 5968]
[39, 5976]
[39, 6082]
[39, 6118]
[39, 6128]
[39, 6190]
[39, 6266]
[39, 6403]
[39, 6404]
[39, 6602]
[39, 6630]
[39, 7068]
[39, 7205]
[39, 7646]
[39, 7895]
[39, 7975]
[39, 8031]
[39, 8068]
[39, 8691]
[39, 8730]
[39, 8867]
[39, 8978]
[39, 8978, 16010]
[39, 8985]
[39, 9001]
[39, 9095]
[39, 9304]
[39, 9501]
[39, 9510]
[39, 9555]
[39, 9579]
[39, 9617]
[39, 9669]
[39, 9843]
[39, 10017]
[39, 10074]
[39, 10128]
[39, 10419]
[39, 10420]
[39, 10423]
[39, 10440]
[39, 10441]
[39, 10442]
[39, 10444]
[39, 10446]
[39, 10448]
[39, 10451]
[39, 10453]
[39, 10474]
[39, 10481]
[39, 10490]
[39, 10491]
[39, 10493]
[39, 10513]
[39, 10515]
[39, 10525]
[39, 10551]
[39, 10555]
[39, 10568]
[39, 10598]
[39, 10605]
[39, 10611]
[39, 10651]
[39, 10653]
[39, 10656]
[39, 10818]
[39, 10831]
[39, 10939]
[39, 10943]
[39, 11039]
[39, 11254]
[39, 11560]
[39, 11747]
[39, 11794]
[39, 11840]
[39, 12473]
[39, 12491]
[39, 12677]
[39, 12925]
[39, 12929]
[39, 12933]
[39, 12935]
[39, 12943]
[39, 12946]
[39, 12951]
[39, 12952]
[39, 12959]
[39, 12973]
[39, 12981]
[39, 12982]
[39, 12996]
[39, 13032]
[39, 13041]
[39, 13043]
[39, 13049]
[39, 13056]
[39, 13060]
[39, 13089]
[39, 13174]
[39, 13182]
[39, 13189]
[39, 13318]
[39, 13334]
[39, 13443]
[39, 13556]
[39, 14098]
[39, 14099]
[39, 14386]
[39, 14634]
[39, 14804]
[39, 14933]
[39, 14953]
[39, 15345]
[39, 15578]
[39, 15618]
[39, 15798]
[39, 15832]
[39, 16010]
[39, 16010, 16011]
[39, 16011]
[39, 16155]
[39, 16217]
[39, 16430]
[39, 16430, 16431]
[39, 16431]
[40]
[40, 48]
[41]
[41, 45]
[41, 45, 48]
[41, 47]
[41, 48]
[41, 48, 49]
[41, 48, 53]
[41, 48, 55]
[41, 48, 60]
[41, 48, 65]
[41, 48, 76]
[41, 48, 78]
[41, 48, 79]
[41, 48, 89]
[41, 48, 101]
[41, 48, 103]
[41, 48, 105]
[41, 48, 107]
[41, 48, 110]
[41, 48, 117]
[41, 48, 123]
[41, 48, 147]
[41, 48, 156]
[41, 48, 161]
[41, 48, 170]
[41, 48, 175]
[41, 48, 179]
[41, 48, 185]
[41, 48, 186]
[41, 48, 201]
[41, 48, 208]
[41, 48, 225]
[41, 48, 229]
[41, 48, 237]
[41, 48, 249]
[41, 48, 255]
[41, 48, 258]
[41, 48, 259]
[41, 48, 261]
[41, 48, 264]
[41, 48, 267]
[41, 48, 269]
[41, 48, 270]
[41, 48, 270, 271]
[41, 48, 271]
[41, 48, 279]
[41, 48, 286]
[41, 48, 297]
[41, 48, 301]
[41, 48, 310]
[41, 48, 338]
[41, 48, 340]
[41, 48, 352]
[41, 48, 371]
[41, 48, 374]
[41, 48, 384]
[41, 48, 389]
[41, 48, 396]
[41, 48, 405]
[41, 48, 407]
[41, 48, 413]
[41, 48, 425]
[41, 48, 426]
[41, 48, 438]
[41, 48, 449]
[41, 48, 464]
[41, 48, 475]
[41, 48, 479]
[41, 48, 488]
[41, 48, 522]
[41, 48, 533]
[41, 48, 535]
[41, 48, 544]
[41, 48, 548]
[41, 48, 549]
[41, 48, 570]
[41, 48, 571]
[41, 48, 589]
[41, 48, 592]
[41, 48, 604]
[41, 48, 623]
[41, 48, 649]
[41, 48, 675]
[41, 48, 677]
[41, 48, 681]
[41, 48, 703]
[41, 48, 740]
[41, 48, 766]
[41, 48, 772]
[41, 48, 783]
[41, 48, 789]
[41, 48, 790]
[41, 48, 793]
[41, 48, 798]
[41, 48, 806]
[41, 48, 809]
[41, 48, 812]
[41, 48, 824]
[41, 48, 846]
[41, 48, 855]
[41, 48, 878]
[41, 48, 913]
[41, 48, 916]
[41, 48, 956]
[41, 48, 961]
[41, 48, 976]
[41, 48, 1004]
[41, 48, 1067]
[41, 48, 1121]
[41, 48, 1135]
[41, 48, 1146]
[41, 48, 1198]
[41, 48, 1327]
[41, 48, 1344]
[41, 48, 1393]
[41, 48, 1435]
[41, 48, 1578]
[41, 48, 1600]
[41, 48, 1659]
[41, 48, 1715]
[41, 48, 1783]
[41, 48, 1814]
[41, 48, 1859]
[41, 48, 1872]
[41, 48, 1986]
[41, 48, 2184]
[41, 48, 2199]
[41, 48, 2238]
[41, 48, 2437]
[41, 48, 2958]
[41, 48, 3270]
[41, 48, 3616]
[41, 48, 4336]
[41, 48, 8978]
[41, 48, 10444]
[41, 48, 10446]
[41, 48, 10515]
[41, 48, 12925]
[41, 48, 12929]
[41, 48, 13041]
[41, 48, 14098]
[41, 48, 15618]
[41, 48, 15832]
[41, 48, 16010]
[41, 48, 16010, 16011]
[41, 48, 16011]
[41, 48, 16217]
[41, 49]
[41, 52]
[41, 53]
[41, 55]
[41, 56]
[41, 60]
[41, 62]
[41, 65]
[41, 75]
[41, 76]
[41, 78]
[41, 79]
[41, 80]
[41, 89]
[41, 94]
[41, 101]
[41, 103]
[41, 105]
[41, 107]
[41, 110]
[41, 117]
[41, 123]
[41, 136]
[41, 147]
[41, 150]
[41, 155]
[41, 156]
[41, 161]
[41, 170]
[41, 175]
[41, 176]
[41, 178]
[41, 179]
[41, 185]
[41, 186]
[41, 189]
[41, 201]
[41, 203]
[41, 208]
[41, 209]
[41, 225]
[41, 225, 271]
[41, 225, 2238]
[41, 229]
[41, 237]
[41, 242]
[41, 246]
[41, 249]
[41, 251]
[41, 255]
[41, 258]
[41, 259]
[41, 260]
[41, 261]
[41, 264]
[41, 267]
[41, 269]
[41, 270]
[41, 270, 271]
[41, 270, 2238]
[41, 271]
[41, 272]
[41, 279]
[41, 281]
[41, 286]
[41, 297]
[41, 301]
[41, 310]
[41, 319]
[41, 334]
[41, 338]
[41, 340]
[41, 341]
[41, 345]
[41, 352]
[41, 365]
[41, 370]
[41, 371]
[41, 374]
[41, 379]
[41, 384]
[41, 389]
[41, 390]
[41, 396]
[41, 398]
[41, 405]
[41, 407]
[41, 412]
[41, 413]
[41, 420]
[41, 425]
[41, 426]
[41, 432]
[41, 438]
[41, 441]
[41, 449]
[41, 464]
[41, 475]
[41, 479]
[41, 488]
[41, 490]
[41, 514]
[41, 522]
[41, 533]
[41, 535]
[41, 544]
[41, 548]
[41, 549]
[41, 570]
[41, 571]
[41, 581]
[41, 589]
[41, 591]
[41, 592]
[41, 604]
[41, 623]
[41, 649]
[41, 664]
[41, 675]
[41, 677]
[41, 681]
[41, 703]
[41, 704]
[41, 715]
[41, 734]
[41, 740]
[41, 749]
[41, 751]
[41, 766]
[41, 772]
[41, 783]
[41, 789]
[41, 790]
[41, 793]
[41, 798]
[41, 806]
[41, 808]
[41, 809]
[41, 812]
[41, 824]
[41, 831]
[41, 840]
[41, 846]
[41, 855]
[41, 856]
[41, 865]
[41, 878]
[41, 885]
[41, 910]
[41, 913]
[41, 916]
[41, 947]
[41, 956]
[41, 961]
[41, 976]
[41, 978]
[41, 979]
[41, 1000]
[41, 1004]
[41, 1027]
[41, 1043]
[41, 1062]
[41, 1067]
[41, 1113]
[41, 1121]
[41, 1126]
[41, 1135]
[41, 1144]
[41, 1146]
[41, 1146, 3616]
[41, 1198]
[41, 1239]
[41, 1277]
[41, 1327]
[41, 1344]
[41, 1355]
[41, 1393]
[41, 1417]
[41, 1425]
[41, 1435]
[41, 1479]
[41, 1486]
[41, 1513]
[41, 1529]
[41, 1543]
[41, 1557]
[41, 1578]
[41, 1585]
[41, 1593]
[41, 1600]
[41, 1619]
[41, 1659]
[41, 1677]
[41, 1693]
[41, 1698]
[41, 1704]
[41, 1714]
[41, 1715]
[41, 1783]
[41, 1814]
[41, 1859]
[41, 1872]
[41, 1956]
[41, 1986]
[41, 1987]
[41, 2046]
[41, 2056]
[41, 2080]
[41, 2118]
[41, 2135]
[41, 2168]
[41, 2184]
[41, 2187]
[41, 2199]
[41, 2208]
[41, 2238]
[41, 2254]
[41, 2284]
[41, 2325]
[41, 2329]
[41, 2383]
[41, 2425]
[41, 2437]
[41, 2440]
[41, 2505]
[41, 2523]
[41, 2552]
[41, 2633]
[41, 2673]
[41, 2775]
[41, 2792]
[41, 2879]
[41, 2958]
[41, 3270]
[41, 3361]
[41, 3510]
[41, 3616]
[41, 3904]
[41, 4336]
[41, 4698]
[41, 4883]
[41, 5728]
[41, 5729]
[41, 8691]
[41, 8978]
[41, 8978, 16010]
[41, 10444]
[41, 10446]
[41, 10490]
[41, 10515]
[41, 10653]
[41, 12925]
[41, 12929]
[41, 13041]
[41, 14098]
[41, 14933]
[41, 15578]
[41, 15618]
[41, 15832]
[41, 16010]
[41, 16010, 16011]
[41, 16011]
[41, 16217]
[41, 16430]
[41, 16430, 16431]
[41, 16431]
[42]
[43]
[43, 48]
[44]
[44, 48]
[45]
[45, 48]
[47]
[47, 48]
[48]
[48, 49]
[48, 50]
[48, 51]
[48, 52]
[48, 53]
[48, 55]
[48, 56]
[48, 58]
[48, 59]
[48, 60]
[48, 60, 65]
[48, 60, 89]
[48, 61]
[48, 62]
[48, 64]
[48, 65]
[48, 65, 89]
[48, 65, 101]
[48, 65, 147]
[48, 65, 201]
[48, 65, 225]
[48, 65, 237]
[48, 65, 255]
[48, 65, 271]
[48, 65, 310]
[48, 65, 413]
[48, 65, 475]
[48, 66]
[48, 67]
[48, 68]
[48, 69]
[48, 75]
[48, 76]
[48, 77]
[48, 78]
[48, 78, 89]
[48, 79]
[48, 80]
[48, 82]
[48, 83]
[48, 85]
[48, 88]
[48, 89]
[48, 89, 101]
[48, 89, 170]
[48, 89, 225]
[48, 89, 237]
[48, 89, 310]
[48, 89, 338]
[48, 89, 413]
[48, 89, 475]
[48, 89, 533]
[48, 89, 592]
[48, 91]
[48, 94]
[48, 95]
[48, 96]
[48, 98]
[48, 101]
[48, 101, 310]
[48, 101, 413]
[48, 102]
[48, 103]
[48, 104]
[48, 105]
[48, 107]
[48, 107, 548]
[48, 107, 549]
[48, 107, 961]
[48, 107, 1067]
[48, 108]
[48, 110]
[48, 116]
[48, 117]
[48, 117, 976]
[48, 123]
[48, 127]
[48, 128]
[48, 129]
[48, 133]
[48, 136]
[48, 141]
[48, 147]
[48, 150]
[48, 151]
[48, 152]
[48, 155]
[48, 156]
[48, 161]
[48, 164]
[48, 164, 165]
[48, 165]
[48, 166]
[48, 167]
[48, 168]
[48, 169]
[48, 170]
[48, 170, 237]
[48, 171]
[48, 175]
[48, 175, 806]
[48, 175, 1355]
[48, 176]
[48, 178]
[48, 179]
[48, 184]
[48, 185]
[48, 186]
[48, 189]
[48, 192]
[48, 193]
[48, 195]
[48, 197]
[48, 199]
[48, 200]
[48, 201]
[48, 203]
[48, 204]
[48, 205]
[48, 206]
[48, 207]
[48, 208]
[48, 209]
[48, 211]
[48, 213]
[48, 215]
[48, 220]
[48, 222]
[48, 225]
[48, 225, 237]
[48, 225, 270]
[48, 225, 271]
[48, 225, 310]
[48, 225, 2238]
[48, 227]
[48, 228]
[48, 229]
[48, 232]
[48, 234]
[48, 235]
[48, 237]
[48, 237, 249]
[48, 237, 310]
[48, 237, 475]
[48, 242]
[48, 243]
[48, 244]
[48, 246]
[48, 248]
[48, 249]
[48, 249, 1144]
[48, 250]
[48, 251]
[48, 255]
[48, 256]
[48, 258]
[48, 259]
[48, 260]
[48, 261]
[48, 262]
[48, 264]
[48, 265]
[48, 267]
[48, 269]
[48, 270]
[48, 270, 271]
[48, 270, 2238]
[48, 271]
[48, 271, 2238]
[48, 272]
[48, 278]
[48, 279]
[48, 281]
[48, 282]
[48, 285]
[48, 286]
[48, 288]
[48, 289]
[48, 297]
[48, 301]
[48, 308]
[48, 309]
[48, 309, 1379]
[48, 310]
[48, 314]
[48, 319]
[48, 320]
[48, 325]
[48, 331]
[48, 334]
[48, 337]
[48, 338]
[48, 340]
[48, 341]
[48, 342]
[48, 344]
[48, 345]
[48, 346]
[48, 347]
[48, 350]
[48, 351]
[48, 352]
[48, 357]
[48, 364]
[48, 365]
[48, 370]
[48, 371]
[48, 374]
[48, 379]
[48, 382]
[48, 384]
[48, 388]
[48, 389]
[48, 390]
[48, 392]
[48, 396]
[48, 397]
[48, 398]
[48, 399]
[48, 402]
[48, 405]
[48, 405, 10515]
[48, 406]
[48, 407]
[48, 408]
[48, 412]
[48, 413]
[48, 414]
[48, 415]
[48, 418]
[48, 420]
[48, 421]
[48, 422]
[48, 423]
[48, 424]
[48, 425]
[48, 426]
[48, 432]
[48, 433]
[48, 434]
[48, 438]
[48, 440]
[48, 441]
[48, 442]
[48, 444]
[48, 445]
[48, 447]
[48, 449]
[48, 458]
[48, 460]
[48, 464]
[48, 467]
[48, 475]
[48, 479]
[48, 485]
[48, 486]
[48, 488]
[48, 489]
[48, 490]
[48, 491]
[48, 492]
[48, 493]
[48, 497]
[48, 500]
[48, 501]
[48, 504]
[48, 511]
[48, 514]
[48, 522]
[48, 525]
[48, 529]
[48, 533]
[48, 534]
[48, 535]
[48, 536]
[48, 541]
[48, 543]
[48, 544]
[48, 547]
[48, 548]
[48, 548, 549]
[48, 549]
[48, 550]
[48, 552]
[48, 555]
[48, 558]
[48, 560]
[48, 563]
[48, 565]
[48, 566]
[48, 570]
[48, 571]
[48, 572]
[48, 573]
[48, 576]
[48, 581]
[48, 583]
[48, 584]
[48, 587]
[48, 589]
[48, 591]
[48, 592]
[48, 593]
[48, 596]
[48, 597]
[48, 599]
[48, 604]
[48, 606]
[48, 610]
[48, 611]
[48, 612]
[48, 615]
[48, 621]
[48, 622]
[48, 623]
[48, 636]
[48, 637]
[48, 639]
[48, 640]
[48, 643]
[48, 649]
[48, 650]
[48, 651]
[48, 652]
[48, 653]
[48, 660]
[48, 662]
[48, 664]
[48, 673]
[48, 675]
[48, 677]
[48, 681]
[48, 682]
[48, 683]
[48, 684]
[48, 694]
[48, 695]
[48, 696]
[48, 697]
[48, 698]
[48, 703]
[48, 704]
[48, 706]
[48, 708]
[48, 711]
[48, 712]
[48, 713]
[48, 715]
[48, 718]
[48, 727]
[48, 730]
[48, 731]
[48, 734]
[48, 739]
[48, 740]
[48, 749]
[48, 751]
[48, 753]
[48, 755]
[48, 757]
[48, 759]
[48, 760]
[48, 763]
[48, 764]
[48, 766]
[48, 767]
[48, 768]
[48, 769]
[48, 770]
[48, 772]
[48, 781]
[48, 783]
[48, 785]
[48, 789]
[48, 790]
[48, 791]
[48, 793]
[48, 795]
[48, 795, 1818]
[48, 795, 1819]
[48, 798]
[48, 801]
[48, 805]
[48, 806]
[48, 807]
[48, 808]
[48, 809]
[48, 812]
[48, 813]
[48, 817]
[48, 824]
[48, 826]
[48, 828]
[48, 829]
[48, 830]
[48, 831]
[48, 837]
[48, 840]
[48, 842]
[48, 846]
[48, 848]
[48, 849]
[48, 851]
[48, 855]
[48, 856]
[48, 861]
[48, 865]
[48, 874]
[48, 877]
[48, 878]
[48, 880]
[48, 885]
[48, 887]
[48, 892]
[48, 896]
[48, 903]
[48, 905]
[48, 907]
[48, 910]
[48, 911]
[48, 913]
[48, 916]
[48, 921]
[48, 924]
[48, 925]
[48, 926]
[48, 927]
[48, 932]
[48, 938]
[48, 939]
[48, 941]
[48, 942]
[48, 947]
[48, 956]
[48, 959]
[48, 961]
[48, 963]
[48, 966]
[48, 968]
[48, 973]
[48, 974]
[48, 976]
[48, 978]
[48, 979]
[48, 984]
[48, 987]
[48, 989]
[48, 991]
[48, 993]
[48, 1000]
[48, 1001]
[48, 1003]
[48, 1004]
[48, 1010]
[48, 1012]
[48, 1013]
[48, 1014]
[48, 1016]
[48, 1020]
[48, 1023]
[48, 1025]
[48, 1026]
[48, 1027]
[48, 1034]
[48, 1035]
[48, 1043]
[48, 1046]
[48, 1052]
[48, 1053]
[48, 1055]
[48, 1060]
[48, 1062]
[48, 1063]
[48, 1066]
[48, 1067]
[48, 1071]
[48, 1072]
[48, 1080]
[48, 1081]
[48, 1082]
[48, 1085]
[48, 1094]
[48, 1096]
[48, 1103]
[48, 1104]
[48, 1105]
[48, 1113]
[48, 1115]
[48, 1120]
[48, 1121]
[48, 1123]
[48, 1124]
[48, 1126]
[48, 1130]
[48, 1135]
[48, 1143]
[48, 1144]
[48, 1146]
[48, 1146, 3616]
[48, 1158]
[48, 1159]
[48, 1160]
[48, 1161]
[48, 1163]
[48, 1166]
[48, 1172]
[48, 1180]
[48, 1183]
[48, 1184]
[48, 1185]
[48, 1188]
[48, 1192]
[48, 1196]
[48, 1198]
[48, 1209]
[48, 1214]
[48, 1215]
[48, 1227]
[48, 1232]
[48, 1233]
[48, 1239]
[48, 1249]
[48, 1257]
[48, 1269]
[48, 1275]
[48, 1277]
[48, 1280]
[48, 1281]
[48, 1282]
[48, 1286]
[48, 1290]
[48, 1291]
[48, 1294]
[48, 1297]
[48, 1308]
[48, 1309]
[48, 1311]
[48, 1313]
[48, 1315]
[48, 1316]
[48, 1318]
[48, 1327]
[48, 1332]
[48, 1333]
[48, 1342]
[48, 1343]
[48, 1344]
[48, 1345]
[48, 1354]
[48, 1355]
[48, 1360]
[48, 1361]
[48, 1372]
[48, 1378]
[48, 1378, 1379]
[48, 1379]
[48, 1380]
[48, 1387]
[48, 1390]
[48, 1393]
[48, 1395]
[48, 1396]
[48, 1404]
[48, 1408]
[48, 1417]
[48, 1425]
[48, 1428]
[48, 1430]
[48, 1433]
[48, 1435]
[48, 1444]
[48, 1459]
[48, 1476]
[48, 1479]
[48, 1481]
[48, 1486]
[48, 1489]
[48, 1497]
[48, 1503]
[48, 1513]
[48, 1517]
[48, 1527]
[48, 1529]
[48, 1537]
[48, 1538]
[48, 1543]
[48, 1557]
[48, 1562]
[48, 1564]
[48, 1578]
[48, 1585]
[48, 1590]
[48, 1591]
[48, 1592]
[48, 1593]
[48, 1594]
[48, 1595]
[48, 1596]
[48, 1598]
[48, 1600]
[48, 1602]
[48, 1603]
[48, 1609]
[48, 1611]
[48, 1612]
[48, 1613]
[48, 1615]
[48, 1616]
[48, 1619]
[48, 1624]
[48, 1629]
[48, 1638]
[48, 1640]
[48, 1642]
[48, 1652]
[48, 1655]
[48, 1658]
[48, 1659]
[48, 1670]
[48, 1677]
[48, 1678]
[48, 1679]
[48, 1693]
[48, 1696]
[48, 1697]
[48, 1698]
[48, 1702]
[48, 1704]
[48, 1714]
[48, 1715]
[48, 1727]
[48, 1736]
[48, 1739]
[48, 1741]
[48, 1744]
[48, 1763]
[48, 1771]
[48, 1772]
[48, 1773]
[48, 1776]
[48, 1781]
[48, 1783]
[48, 1784]
[48, 1786]
[48, 1789]
[48, 1791]
[48, 1796]
[48, 1804]
[48, 1805]
[48, 1808]
[48, 1811]
[48, 1814]
[48, 1815]
[48, 1818]
[48, 1819]
[48, 1819, 3311]
[48, 1821]
[48, 1831]
[48, 1837]
[48, 1842]
[48, 1854]
[48, 1859]
[48, 1867]
[48, 1870]
[48, 1872]
[48, 1874]
[48, 1877]
[48, 1884]
[48, 1897]
[48, 1899]
[48, 1903]
[48, 1905]
[48, 1922]
[48, 1929]
[48, 1930]
[48, 1938]
[48, 1939]
[48, 1951]
[48, 1956]
[48, 1964]
[48, 1966]
[48, 1971]
[48, 1972]
[48, 1973]
[48, 1976]
[48, 1986]
[48, 1987]
[48, 1991]
[48, 1994]
[48, 1996]
[48, 2002]
[48, 2011]
[48, 2012]
[48, 2015]
[48, 2026]
[48, 2046]
[48, 2049]
[48, 2051]
[48, 2052]
[48, 2053]
[48, 2054]
[48, 2056]
[48, 2058]
[48, 2064]
[48, 2065]
[48, 2075]
[48, 2079]
[48, 2080]
[48, 2084]
[48, 2091]
[48, 2097]
[48, 2103]
[48, 2113]
[48, 2115]
[48, 2117]
[48, 2118]
[48, 2122]
[48, 2129]
[48, 2135]
[48, 2147]
[48, 2150]
[48, 2164]
[48, 2167]
[48, 2168]
[48, 2177]
[48, 2182]
[48, 2184]
[48, 2186]
[48, 2187]
[48, 2188]
[48, 2191]
[48, 2199]
[48, 2201]
[48, 2202]
[48, 2208]
[48, 2210]
[48, 2212]
[48, 2215]
[48, 2225]
[48, 2238]
[48, 2238, 5729]
[48, 2239]
[48, 2240]
[48, 2241]
[48, 2254]
[48, 2259]
[48, 2263]
[48, 2269]
[48, 2276]
[48, 2284]
[48, 2284, 2505]
[48, 2286]
[48, 2325]
[48, 2326]
[48, 2329]
[48, 2343]
[48, 2344]
[48, 2350]
[48, 2351]
[48, 2353]
[48, 2363]
[48, 2364]
[48, 2370]
[48, 2375]
[48, 2378]
[48, 2383]
[48, 2388]
[48, 2389]
[48, 2393]
[48, 2394]
[48, 2399]
[48, 2406]
[48, 2408]
[48, 2413]
[48, 2417]
[48, 2420]
[48, 2424]
[48, 2425]
[48, 2437]
[48, 2440]
[48, 2441]
[48, 2464]
[48, 2468]
[48, 2469]
[48, 2471]
[48, 2476]
[48, 2480]
[48, 2492]
[48, 2493]
[48, 2495]
[48, 2505]
[48, 2506]
[48, 2513]
[48, 2514]
[48, 2515]
[48, 2519]
[48, 2523]
[48, 2524]
[48, 2528]
[48, 2537]
[48, 2552]
[48, 2554]
[48, 2559]
[48, 2561]
[48, 2569]
[48, 2573]
[48, 2596]
[48, 2598]
[48, 2599]
[48, 2621]
[48, 2624]
[48, 2625]
[48, 2626]
[48, 2629]
[48, 2630]
[48, 2633]
[48, 2634]
[48, 2635]
[48, 2654]
[48, 2663]
[48, 2669]
[48, 2673]
[48, 2706]
[48, 2708]
[48, 2720]
[48, 2721]
[48, 2723]
[48, 2728]
[48, 2746]
[48, 2749]
[48, 2760]
[48, 2763]
[48, 2771]
[48, 2775]
[48, 2785]
[48, 2788]
[48, 2792]
[48, 2793]
[48, 2800]
[48, 2805]
[48, 2808]
[48, 2810]
[48, 2812]
[48, 2814]
[48, 2815]
[48, 2818]
[48, 2820]
[48, 2822]
[48, 2830]
[48, 2842]
[48, 2843]
[48, 2852]
[48, 2853]
[48, 2854]
[48, 2855]
[48, 2856]
[48, 2861]
[48, 2870]
[48, 2874]
[48, 2876]
[48, 2879]
[48, 2891]
[48, 2894]
[48, 2907]
[48, 2915]
[48, 2942]
[48, 2958]
[48, 2965]
[48, 2967]
[48, 2983]
[48, 2987]
[48, 2988]
[48, 2990]
[48, 2991]
[48, 2997]
[48, 2998]
[48, 3005]
[48, 3006]
[48, 3012]
[48, 3021]
[48, 3047]
[48, 3055]
[48, 3067]
[48, 3086]
[48, 3102]
[48, 3149]
[48, 3151]
[48, 3160]
[48, 3161]
[48, 3171]
[48, 3185]
[48, 3186]
[48, 3189]
[48, 3194]
[48, 3202]
[48, 3221]
[48, 3236]
[48, 3240]
[48, 3270]
[48, 3271]
[48, 3276]
[48, 3279]
[48, 3291]
[48, 3292]
[48, 3294]
[48, 3297]
[48, 3311]
[48, 3312]
[48, 3314]
[48, 3315]
[48, 3316]
[48, 3317]
[48, 3319]
[48, 3321]
[48, 3324]
[48, 3338]
[48, 3343]
[48, 3345]
[48, 3361]
[48, 3402]
[48, 3404]
[48, 3405]
[48, 3410]
[48, 3412]
[48, 3420]
[48, 3451]
[48, 3462]
[48, 3467]
[48, 3502]
[48, 3504]
[48, 3510]
[48, 3521]
[48, 3535]
[48, 3537]
[48, 3546]
[48, 3551]
[48, 3553]
[48, 3577]
[48, 3616]
[48, 3635]
[48, 3638]
[48, 3642]
[48, 3660]
[48, 3668]
[48, 3676]
[48, 3683]
[48, 3714]
[48, 3724]
[48, 3735]
[48, 3742]
[48, 3756]
[48, 3759]
[48, 3762]
[48, 3772]
[48, 3774]
[48, 3776]
[48, 3799]
[48, 3808]
[48, 3827]
[48, 3840]
[48, 3855]
[48, 3884]
[48, 3896]
[48, 3903]
[48, 3904]
[48, 3964]
[48, 3966]
[48, 3973]
[48, 3988]
[48, 4030]
[48, 4057]
[48, 4070]
[48, 4105]
[48, 4111]
[48, 4113]
[48, 4127]
[48, 4141]
[48, 4143]
[48, 4144]
[48, 4164]
[48, 4170]
[48, 4201]
[48, 4207]
[48, 4209]
[48, 4221]
[48, 4226]
[48, 4251]
[48, 4270]
[48, 4272]
[48, 4282]
[48, 4297]
[48, 4307]
[48, 4310]
[48, 4316]
[48, 4336]
[48, 4339]
[48, 4340]
[48, 4342]
[48, 4344]
[48, 4357]
[48, 4360]
[48, 4374]
[48, 4386]
[48, 4389]
[48, 4393]
[48, 4424]
[48, 4433]
[48, 4472]
[48, 4524]
[48, 4548]
[48, 4552]
[48, 4630]
[48, 4640]
[48, 4642]
[48, 4643]
[48, 4650]
[48, 4685]
[48, 4698]
[48, 4720]
[48, 4731]
[48, 4744]
[48, 4771]
[48, 4779]
[48, 4843]
[48, 4859]
[48, 4883]
[48, 4886]
[48, 4891]
[48, 4899]
[48, 4940]
[48, 4945]
[48, 4975]
[48, 4994]
[48, 5051]
[48, 5074]
[48, 5108]
[48, 5124]
[48, 5127]
[48, 5152]
[48, 5178]
[48, 5248]
[48, 5289]
[48, 5315]
[48, 5323]
[48, 5339]
[48, 5346]
[48, 5358]
[48, 5405]
[48, 5651]
[48, 5728]
[48, 5729]
[48, 5767]
[48, 5771]
[48, 5782]
[48, 5968]
[48, 5976]
[48, 6082]
[48, 6118]
[48, 6128]
[48, 6190]
[48, 6266]
[48, 6403]
[48, 6404]
[48, 6602]
[48, 6630]
[48, 7205]
[48, 7895]
[48, 7938]
[48, 7975]
[48, 8068]
[48, 8691]
[48, 8730]
[48, 8867]
[48, 8978]
[48, 8978, 16010]
[48, 8985]
[48, 9001]
[48, 9304]
[48, 9501]
[48, 9555]
[48, 9579]
[48, 9617]
[48, 9669]
[48, 9843]
[48, 10074]
[48, 10128]
[48, 10184]
[48, 10419]
[48, 10420]
[48, 10423]
[48, 10441]
[48, 10442]
[48, 10444]
[48, 10446]
[48, 10448]
[48, 10451]
[48, 10453]
[48, 10470]
[48, 10474]
[48, 10481]
[48, 10490]
[48, 10491]
[48, 10493]
[48, 10513]
[48, 10515]
[48, 10525]
[48, 10551]
[48, 10555]
[48, 10568]
[48, 10598]
[48, 10605]
[48, 10611]
[48, 10651]
[48, 10653]
[48, 10656]
[48, 10818]
[48, 10939]
[48, 10943]
[48, 11039]
[48, 11254]
[48, 11747]
[48, 11794]
[48, 11840]
[48, 12473]
[48, 12491]
[48, 12677]
[48, 12693]
[48, 12925]
[48, 12929]
[48, 12933]
[48, 12935]
[48, 12943]
[48, 12946]
[48, 12951]
[48, 12959]
[48, 12981]
[48, 12982]
[48, 12996]
[48, 13032]
[48, 13041]
[48, 13043]
[48, 13049]
[48, 13056]
[48, 13060]
[48, 13174]
[48, 13182]
[48, 13189]
[48, 13318]
[48, 13334]
[48, 13443]
[48, 13556]
[48, 14098]
[48, 14099]
[48, 14386]
[48, 14634]
[48, 14933]
[48, 15345]
[48, 15578]
[48, 15618]
[48, 15798]
[48, 15832]
[48, 15879]
[48, 16010]
[48, 16010, 16011]
[48, 16011]
[48, 16217]
[48, 16430]
[48, 16430, 16431]
[48, 16431]
[49]
[50]
[51]
[52]
[53]
[55]
[56]
[58]
[59]
[60]
[60, 65]
[60, 89]
[60, 310]
[60, 604]
[61]
[62]
[64]
[65]
[65, 79]
[65, 89]
[65, 101]
[65, 117]
[65, 123]
[65, 147]
[65, 150]
[65, 170]
[65, 179]
[65, 201]
[65, 225]
[65, 229]
[65, 237]
[65, 249]
[65, 255]
[65, 258]
[65, 264]
[65, 270]
[65, 271]
[65, 301]
[65, 310]
[65, 338]
[65, 405]
[65, 407]
[65, 413]
[65, 438]
[65, 464]
[65, 475]
[65, 479]
[65, 533]
[65, 549]
[65, 589]
[65, 592]
[65, 604]
[65, 649]
[65, 783]
[65, 824]
[65, 878]
[65, 976]
[65, 1146]
[65, 1327]
[65, 1393]
[65, 2238]
[65, 10515]
[65, 12925]
[65, 14098]
[65, 15832]
[66]
[67]
[68]
[69]
[70]
[71]
[75]
[76]
[77]
[78]
[78, 89]
[79]
[79, 225]
[79, 2238]
[79, 2254]
[80]
[82]
[83]
[84]
[85]
[86]
[88]
[89]
[89, 101]
[89, 110]
[89, 147]
[89, 170]
[89, 185]
[89, 201]
[89, 225]
[89, 237]
[89, 255]
[89, 258]
[89, 271]
[89, 310]
[89, 338]
[89, 413]
[89, 475]
[89, 533]
[89, 589]
[89, 592]
[89, 1393]
[89, 2238]
[89, 12925]
[89, 13041]
[89, 14098]
[91]
[93]
[94]
[95]
[96]
[97]
[98]
[101]
[101, 147]
[101, 201]
[101, 237]
[101, 255]
[101, 301]
[101, 310]
[101, 413]
[101, 475]
[101, 604]
[101, 824]
[102]
[103]
[103, 389]
[104]
[105]
[107]
[107, 136]
[107, 548]
[107, 549]
[107, 961]
[107, 1067]
[108]
[110]
[110, 170]
[110, 225]
[110, 237]
[116]
[117]
[117, 976]
[120]
[123]
[124]
[126]
[127]
[128]
[129]
[133]
[136]
[136, 549]
[136, 1067]
[141]
[147]
[147, 179]
[147, 237]
[147, 413]
[147, 475]
[150]
[151]
[152]
[153]
[155]
[155, 272]
[155, 589]
[156]
[159]
[161]
[163]
[164]
[164, 165]
[164, 166]
[164, 167]
[164, 682]
[164, 684]
[165]
[165, 166]
[165, 167]
[165, 684]
[166]
[166, 682]
[166, 684]
[167]
[167, 682]
[168]
[169]
[170]
[170, 225]
[170, 237]
[170, 310]
[170, 438]
[171]
[174]
[175]
[175, 178]
[175, 225]
[175, 806]
[175, 842]
[175, 1355]
[175, 2991]
[175, 13041]
[176]
[176, 817]
[178]
[178, 806]
[178, 842]
[179]
[179, 301]
[184]
[185]
[185, 310]
[186]
[189]
[192]
[193]
[195]
[197]
[198]
[199]
[200]
[201]
[203]
[204]
[205]
[206]
[207]
[208]
[209]
[211]
[213]
[215]
[218]
[220]
[222]
[225]
[225, 237]
[225, 270]
[225, 270, 271]
[225, 271]
[225, 271, 2238]
[225, 310]
[225, 413]
[225, 475]
[225, 806]
[225, 1146]
[225, 2238]
[225, 4899]
[226]
[227]
[228]
[229]
[232]
[233]
[234]
[235]
[236]
[237]
[237, 249]
[237, 310]
[237, 413]
[237, 475]
[237, 533]
[237, 1043]
[242]
[243]
[244]
[246]
[248]
[249]
[249, 1144]
[250]
[251]
[254]
[255]
[256]
[258]
[259]
[260]
[261]
[262]
[264]
[265]
[266]
[267]
[269]
[270]
[270, 271]
[270, 271, 2238]
[270, 2238]
[271]
[271, 2238]
[272]
[272, 1361]
[274]
[275]
[276]
[278]
[279]
[280]
[281]
[282]
[284]
[285]
[286]
[288]
[289]
[290]
[291]
[297]
[297, 544]
[301]
[308]
[308, 309]
[308, 1080]
[308, 1269]
[308, 1378]
[308, 1379]
[309]
[309, 1080]
[309, 1080, 1269]
[309, 1080, 1378]
[309, 1080, 1379]
[309, 1080, 1380]
[309, 1269]
[309, 1269, 1378]
[309, 1269, 1379]
[309, 1378]
[309, 1378, 1379]
[309, 1379]
[309, 1379, 1380]
[309, 1380]
[310]
[310, 413]
[310, 1146]
[310, 14098]
[311]
[312]
[314]
[315]
[317]
[319]
[320]
[325]
[326]
[328]
[330]
[331]
[332]
[334]
[335]
[337]
[338]
[338, 475]
[340]
[341]
[342]
[344]
[345]
[346]
[347]
[348]
[349]
[350]
[351]
[352]
[352, 1859]
[357]
[361]
[362]
[363]
[364]
[365]
[368]
[369]
[370]
[371]
[374]
[375]
[379]
[381]
[382]
[384]
[386]
[387]
[388]
[389]
[390]
[392]
[393]
[395]
[396]
[396, 910]
[397]
[398]
[399]
[401]
[402]
[405]
[405, 10515]
[406]
[407]
[408]
[409]
[411]
[412]
[413]
[413, 1004]
[413, 13041]
[414]
[415]
[416]
[418]
[420]
[421]
[422]
[423]
[424]
[425]
[426]
[427]
[432]
[433]
[434]
[435]
[438]
[440]
[441]
[441, 809]
[441, 885]
[442]
[444]
[445]
[446]
[447]
[448]
[449]
[451]
[452]
[454]
[458]
[459]
[460]
[464]
[467]
[468]
[475]
[476]
[478]
[479]
[481]
[485]
[486]
[488]
[489]
[490]
[491]
[492]
[493]
[495]
[497]
[499]
[500]
[501]
[502]
[504]
[505]
[508]
[511]
[513]
[514]
[516]
[518]
[521]
[522]
[525]
[526]
[527]
[529]
[532]
[533]
[534]
[535]
[536]
[539]
[541]
[543]
[544]
[547]
[548]
[548, 549]
[548, 610]
[548, 611]
[548, 961]
[548, 1067]
[549]
[549, 961]
[549, 1067]
[550]
[552]
[554]
[555]
[558]
[560]
[561]
[563]
[565]
[565, 581]
[566]
[567]
[569]
[570]
[571]
[572]
[573]
[576]
[577]
[581]
[583]
[584]
[585]
[586]
[587]
[589]
[589, 1062]
[591]
[592]
[593]
[594]
[595]
[596]
[597]
[599]
[604]
[606]
[610]
[611]
[612]
[614]
[615]
[618]
[621]
[622]
[623]
[626]
[636]
[637]
[639]
[640]
[641]
[643]
[645]
[647]
[647, 769]
[649]
[650]
[651]
[652]
[653]
[659]
[660]
[661]
[662]
[664]
[668]
[673]
[674]
[675]
[677]
[680]
[681]
[682]
[683]
[684]
[685]
[687]
[690]
[691]
[692]
[694]
[695]
[696]
[696, 699]
[697]
[698]
[699]
[703]
[704]
[705]
[706]
[708]
[711]
[712]
[713]
[714]
[715]
[718]
[718, 1043]
[719]
[720]
[723]
[725]
[727]
[728]
[729]
[730]
[730, 1281]
[731]
[734]
[736]
[738]
[739]
[740]
[741]
[742]
[743]
[749]
[750]
[751]
[753]
[754]
[755]
[757]
[759]
[760]
[762]
[763]
[764]
[766]
[767]
[768]
[769]
[769, 1034]
[770]
[771]
[772]
[774]
[779]
[781]
[783]
[785]
[788]
[789]
[790]
[791]
[792]
[793]
[795]
[795, 1818]
[795, 1818, 1819]
[795, 1818, 1819, 3311]
[795, 1818, 3311]
[795, 1819]
[795, 1819, 3311]
[795, 3311]
[796]
[797]
[798]
[798, 2987]
[799]
[800]
[801]
[803]
[805]
[806]
[806, 1026]
[806, 2991]
[807]
[808]
[809]
[809, 885]
[810]
[811]
[812]
[813]
[815]
[816]
[817]
[820]
[821]
[822]
[824]
[825]
[826]
[827]
[828]
[829]
[830]
[831]
[832]
[833]
[835]
[837]
[838]
[839]
[840]
[842]
[845]
[846]
[848]
[849]
[851]
[854]
[855]
[856]
[857]
[859]
[860]
[861]
[862]
[865]
[874]
[875]
[877]
[878]
[879]
[880]
[885]
[887]
[892]
[894]
[896]
[897]
[898]
[899]
[901]
[903]
[905]
[907]
[909]
[910]
[910, 956]
[911]
[913]
[914]
[915]
[916]
[918]
[919]
[921]
[922]
[924]
[925]
[926]
[927]
[929]
[930]
[931]
[932]
[938]
[939]
[941]
[942]
[943]
[944]
[947]
[956]
[958]
[959]
[960]
[961]
[961, 1067]
[963]
[966]
[967]
[968]
[973]
[974]
[975]
[976]
[978]
[979]
[980]
[981]
[982]
[983]
[984]
[985]
[986]
[987]
[989]
[991]
[993]
[994]
[1000]
[1001]
[1002]
[1003]
[1004]
[1008]
[1010]
[1012]
[1013]
[1014]
[1015]
[1016]
[1018]
[1020]
[1021]
[1022]
[1023]
[1024]
[1025]
[1026]
[1027]
[1030]
[1031]
[1034]
[1035]
[1043]
[1045]
[1046]
[1048]
[1052]
[1053]
[1054]
[1055]
[1056]
[1057]
[1060]
[1062]
[1063]
[1066]
[1067]
[1071]
[1072]
[1073]
[1075]
[1080]
[1080, 1269]
[1080, 1269, 1379]
[1080, 1378]
[1080, 1378, 1379]
[1080, 1379]
[1080, 1380]
[1081]
[1082]
[1083]
[1084]
[1085]
[1090]
[1094]
[1095]
[1096]
[1101]
[1103]
[1104]
[1105]
[1107]
[1113]
[1115]
[1120]
[1121]
[1123]
[1124]
[1126]
[1128]
[1130]
[1135]
[1138]
[1139]
[1143]
[1144]
[1145]
[1146]
[1146, 3616]
[1152]
[1153]
[1154]
[1158]
[1159]
[1160]
[1161]
[1163]
[1165]
[1166]
[1172]
[1173]
[1178]
[1180]
[1183]
[1184]
[1185]
[1188]
[1191]
[1192]
[1196]
[1198]
[1209]
[1210]
[1214]
[1215]
[1218]
[1219]
[1227]
[1228]
[1232]
[1233]
[1237]
[1239]
[1244]
[1246]
[1249]
[1250]
[1251]
[1257]
[1260]
[1264]
[1265]
[1268]
[1269]
[1269, 1378]
[1269, 1378, 1379]
[1269, 1379]
[1269, 1380]
[1274]
[1275]
[1277]
[1280]
[1281]
[1282]
[1285]
[1286]
[1290]
[1291]
[1294]
[1297]
[1307]
[1308]
[1309]
[1311]
[1312]
[1313]
[1315]
[1316]
[1318]
[1319]
[1320]
[1327]
[1329]
[1332]
[1333]
[1340]
[1342]
[1343]
[1344]
[1345]
[1352]
[1353]
[1354]
[1355]
[1357]
[1360]
[1361]
[1362]
[1368]
[1369]
[1371]
[1372]
[1376]
[1378]
[1378, 1379]
[1378, 1380]
[1379]
[1379, 1380]
[1380]
[1384]
[1385]
[1387]
[1390]
[1392]
[1393]
[1394]
[1395]
[1396]
[1397]
[1402]
[1403]
[1404]
[1408]
[1410]
[1415]
[1417]
[1421]
[1422]
[1423]
[1424]
[1425]
[1426]
[1428]
[1430]
[1433]
[1435]
[1439]
[1440]
[1444]
[1448]
[1455]
[1456]
[1459]
[1468]
[1473]
[1475]
[1476]
[1478]
[1479]
[1481]
[1482]
[1486]
[1488]
[1489]
[1497]
[1498]
[1503]
[1513]
[1517]
[1520]
[1527]
[1529]
[1530]
[1534]
[1536]
[1537]
[1538]
[1540]
[1542]
[1543]
[1545]
[1547]
[1557]
[1558]
[1561]
[1562]
[1564]
[1568]
[1569]
[1570]
[1576]
[1578]
[1579]
[1585]
[1587]
[1588]
[1590]
[1591]
[1592]
[1593]
[1594]
[1595]
[1596]
[1598]
[1600]
[1602]
[1603]
[1604]
[1609]
[1609, 14933]
[1611]
[1612]
[1613]
[1615]
[1616]
[1619]
[1624]
[1629]
[1634]
[1638]
[1640]
[1642]
[1652]
[1653]
[1654]
[1655]
[1656]
[1658]
[1659]
[1661]
[1670]
[1675]
[1677]
[1678]
[1679]
[1688]
[1693]
[1696]
[1697]
[1698]
[1700]
[1701]
[1702]
[1704]
[1709]
[1713]
[1714]
[1715]
[1725]
[1727]
[1736]
[1738]
[1739]
[1741]
[1744]
[1747]
[1752]
[1755]
[1763]
[1765]
[1768]
[1771]
[1772]
[1773]
[1776]
[1779]
[1781]
[1783]
[1784]
[1786]
[1787]
[1789]
[1791]
[1795]
[1796]
[1799]
[1804]
[1805]
[1807]
[1808]
[1809]
[1811]
[1813]
[1814]
[1815]
[1818]
[1818, 1819]
[1818, 1819, 3311]
[1818, 3311]
[1819]
[1819, 3311]
[1821]
[1822]
[1824]
[1826]
[1829]
[1831]
[1833]
[1834]
[1837]
[1838]
[1841]
[1842]
[1846]
[1847]
[1848]
[1853]
[1854]
[1855]
[1859]
[1864]
[1866]
[1867]
[1868]
[1870]
[1872]
[1874]
[1877]
[1878]
[1879]
[1884]
[1886]
[1890]
[1895]
[1896]
[1897]
[1899]
[1901]
[1903]
[1905]
[1907]
[1909]
[1910]
[1911]
[1914]
[1915]
[1920]
[1922]
[1924]
[1929]
[1930]
[1931]
[1938]
[1939]
[1948]
[1951]
[1956]
[1958]
[1962]
[1964]
[1966]
[1971]
[1972]
[1973]
[1975]
[1976]
[1980]
[1981]
[1986]
[1987]
[1990]
[1991]
[1994]
[1996]
[2002]
[2004]
[2011]
[2012]
[2014]
[2015]
[2026]
[2030]
[2033]
[2034]
[2039]
[2043]
[2046]
[2048]
[2049]
[2051]
[2052]
[2053]
[2054]
[2056]
[2058]
[2059]
[2060]
[2061]
[2062]
[2064]
[2065]
[2069]
[2075]
[2079]
[2080]
[2084]
[2091]
[2097]
[2101]
[2103]
[2110]
[2111]
[2113]
[2115]
[2116]
[2117]
[2118]
[2119]
[2122]
[2126]
[2127]
[2129]
[2130]
[2133]
[2135]
[2137]
[2138]
[2147]
[2150]
[2151]
[2154]
[2161]
[2164]
[2166]
[2167]
[2168]
[2169]
[2170]
[2171]
[2177]
[2180]
[2182]
[2184]
[2186]
[2187]
[2188]
[2191]
[2193]
[2199]
[2201]
[2202]
[2208]
[2210]
[2212]
[2214]
[2215]
[2223]
[2225]
[2233]
[2235]
[2236]
[2238]
[2238, 5728]
[2238, 5729]
[2239]
[2240]
[2241]
[2242]
[2243]
[2245]
[2250]
[2254]
[2259]
[2263]
[2267]
[2269]
[2271]
[2273]
[2276]
[2281]
[2283]
[2284]
[2284, 2505]
[2286]
[2297]
[2299]
[2300]
[2310]
[2315]
[2325]
[2326]
[2327]
[2329]
[2332]
[2335]
[2337]
[2343]
[2344]
[2350]
[2351]
[2352]
[2353]
[2363]
[2364]
[2370]
[2374]
[2375]
[2376]
[2378]
[2380]
[2383]
[2388]
[2389]
[2390]
[2393]
[2394]
[2395]
[2398]
[2399]
[2402]
[2406]
[2408]
[2413]
[2417]
[2420]
[2424]
[2425]
[2430]
[2431]
[2436]
[2437]
[2440]
[2441]
[2449]
[2458]
[2463]
[2464]
[2468]
[2469]
[2471]
[2475]
[2476]
[2477]
[2480]
[2481]
[2486]
[2489]
[2492]
[2493]
[2495]
[2496]
[2501]
[2505]
[2506]
[2511]
[2513]
[2514]
[2515]
[2519]
[2521]
[2523]
[2524]
[2527]
[2528]
[2535]
[2537]
[2538]
[2540]
[2541]
[2543]
[2544]
[2546]
[2550]
[2552]
[2554]
[2555]
[2557]
[2559]
[2561]
[2566]
[2569]
[2573]
[2574]
[2588]
[2592]
[2593]
[2596]
[2598]
[2599]
[2607]
[2609]
[2612]
[2614]
[2617]
[2620]
[2621]
[2623]
[2624]
[2625]
[2626]
[2629]
[2630]
[2631]
[2633]
[2634]
[2635]
[2638]
[2639]
[2649]
[2651]
[2654]
[2657]
[2661]
[2662]
[2663]
[2665]
[2667]
[2669]
[2671]
[2673]
[2674]
[2687]
[2692]
[2694]
[2702]
[2706]
[2708]
[2709]
[2712]
[2715]
[2720]
[2721]
[2723]
[2726]
[2728]
[2733]
[2740]
[2741]
[2742]
[2746]
[2747]
[2749]
[2760]
[2763]
[2764]
[2767]
[2768]
[2769]
[2771]
[2775]
[2776]
[2783]
[2785]
[2786]
[2787]
[2788]
[2792]
[2793]
[2800]
[2802]
[2805]
[2808]
[2810]
[2812]
[2813]
[2814]
[2815]
[2817]
[2818]
[2820]
[2822]
[2830]
[2831]
[2833]
[2834]
[2836]
[2837]
[2840]
[2842]
[2843]
[2851]
[2852]
[2853]
[2854]
[2855]
[2856]
[2861]
[2867]
[2870]
[2873]
[2874]
[2875]
[2876]
[2878]
[2879]
[2880]
[2890]
[2891]
[2892]
[2893]
[2894]
[2900]
[2902]
[2907]
[2910]
[2915]
[2916]
[2919]
[2926]
[2931]
[2933]
[2942]
[2946]
[2947]
[2951]
[2952]
[2958]
[2962]
[2963]
[2965]
[2966]
[2967]
[2968]
[2976]
[2977]
[2982]
[2983]
[2987]
[2988]
[2990]
[2991]
[2994]
[2997]
[2998]
[3002]
[3005]
[3006]
[3012]
[3015]
[3019]
[3021]
[3021, 3055]
[3028]
[3034]
[3035]
[3047]
[3048]
[3052]
[3055]
[3059]
[3065]
[3067]
[3074]
[3078]
[3083]
[3084]
[3085]
[3086]
[3093]
[3099]
[3101]
[3102]
[3106]
[3130]
[3131]
[3132]
[3136]
[3149]
[3151]
[3157]
[3159]
[3160]
[3161]
[3171]
[3174]
[3185]
[3186]
[3189]
[3194]
[3202]
[3208]
[3214]
[3221]
[3228]
[3236]
[3240]
[3253]
[3256]
[3261]
[3265]
[3270]
[3271]
[3272]
[3276]
[3278]
[3279]
[3291]
[3292]
[3294]
[3297]
[3307]
[3311]
[3312]
[3313]
[3314]
[3315]
[3316]
[3317]
[3318]
[3319]
[3320]
[3321]
[3323]
[3324]
[3330]
[3333]
[3336]
[3338]
[3343]
[3345]
[3349]
[3354]
[3361]
[3368]
[3370]
[3373]
[3383]
[3388]
[3402]
[3402, 3535]
[3402, 3537]
[3404]
[3405]
[3409]
[3410]
[3411]
[3412]
[3420]
[3431]
[3434]
[3435]
[3441]
[3447]
[3451]
[3458]
[3462]
[3465]
[3467]
[3472]
[3476]
[3483]
[3486]
[3487]
[3499]
[3501]
[3502]
[3504]
[3505]
[3510]
[3521]
[3532]
[3533]
[3535]
[3535, 3537]
[3537]
[3538]
[3539]
[3541]
[3546]
[3551]
[3553]
[3569]
[3573]
[3577]
[3579]
[3581]
[3596]
[3609]
[3616]
[3623]
[3633]
[3635]
[3638]
[3642]
[3644]
[3659]
[3660]
[3662]
[3663]
[3664]
[3668]
[3673]
[3676]
[3678]
[3682]
[3683]
[3693]
[3696]
[3714]
[3719]
[3722]
[3724]
[3735]
[3742]
[3752]
[3756]
[3759]
[3761]
[3762]
[3772]
[3774]
[3776]
[3793]
[3799]
[3806]
[3808]
[3814]
[3827]
[3840]
[3844]
[3845]
[3853]
[3854]
[3855]
[3857]
[3858]
[3866]
[3867]
[3873]
[3877]
[3884]
[3896]
[3903]
[3904]
[3912]
[3923]
[3925]
[3926]
[3946]
[3951]
[3964]
[3966]
[3973]
[3977]
[3988]
[4000]
[4007]
[4009]
[4013]
[4017]
[4026]
[4030]
[4032]
[4037]
[4048]
[4051]
[4055]
[4056]
[4057]
[4058]
[4060]
[4061]
[4064]
[4067]
[4070]
[4077]
[4080]
[4096]
[4105]
[4111]
[4112]
[4113]
[4121]
[4123]
[4124]
[4127]
[4141]
[4143]
[4144]
[4146]
[4157]
[4162]
[4164]
[4166]
[4170]
[4174]
[4198]
[4201]
[4207]
[4209]
[4214]
[4220]
[4221]
[4226]
[4237]
[4251]
[4256]
[4257]
[4258]
[4265]
[4267]
[4269]
[4270]
[4272]
[4278]
[4282]
[4285]
[4294]
[4297]
[4305]
[4307]
[4310]
[4316]
[4336]
[4339]
[4340]
[4342]
[4344]
[4357]
[4358]
[4360]
[4362]
[4363]
[4374]
[4377]
[4383]
[4386]
[4389]
[4392]
[4393]
[4405]
[4412]
[4424]
[4433]
[4435]
[4444]
[4445]
[4447]
[4448]
[4460]
[4464]
[4472]
[4479]
[4486]
[4488]
[4502]
[4512]
[4513]
[4524]
[4525]
[4536]
[4546]
[4548]
[4552]
[4556]
[4557]
[4563]
[4567]
[4580]
[4582]
[4588]
[4589]
[4595]
[4630]
[4632]
[4640]
[4642]
[4643]
[4646]
[4650]
[4655]
[4660]
[4661]
[4685]
[4698]
[4703]
[4705]
[4718]
[4720]
[4731]
[4739]
[4740]
[4744]
[4753]
[4761]
[4764]
[4771]
[4774]
[4779]
[4786]
[4800]
[4801]
[4804]
[4811]
[4813]
[4832]
[4833]
[4841]
[4843]
[4859]
[4880]
[4883]
[4886]
[4890]
[4891]
[4896]
[4897]
[4899]
[4911]
[4913]
[4920]
[4940]
[4945]
[4969]
[4973]
[4974]
[4975]
[4990]
[4994]
[4996]
[5001]
[5026]
[5048]
[5051]
[5060]
[5074]
[5080]
[5081]
[5091]
[5108]
[5113]
[5116]
[5124]
[5127]
[5133]
[5150]
[5151]
[5152]
[5158]
[5160]
[5164]
[5169]
[5172]
[5178]
[5194]
[5210]
[5215]
[5248]
[5282]
[5289]
[5315]
[5317]
[5323]
[5328]
[5339]
[5344]
[5346]
[5358]
[5405]
[5408]
[5439]
[5465]
[5466]
[5487]
[5489]
[5496]
[5502]
[5510]
[5531]
[5546]
[5569]
[5570]
[5593]
[5596]
[5603]
[5618]
[5651]
[5700]
[5708]
[5712]
[5721]
[5728]
[5728, 5729]
[5729]
[5742]
[5767]
[5771]
[5778]
[5782]
[5830]
[5869]
[5931]
[5943]
[5948]
[5968]
[5976]
[5982]
[6024]
[6046]
[6082]
[6095]
[6112]
[6118]
[6120]
[6128]
[6136]
[6173]
[6190]
[6224]
[6266]
[6276]
[6317]
[6343]
[6353]
[6356]
[6359]
[6387]
[6403]
[6404]
[6405]
[6447]
[6461]
[6485]
[6508]
[6520]
[6553]
[6582]
[6602]
[6630]
[6656]
[6682]
[6716]
[6737]
[6748]
[6777]
[6858]
[6998]
[6999]
[7046]
[7068]
[7129]
[7176]
[7205]
[7316]
[7336]
[7396]
[7429]
[7472]
[7540]
[7646]
[7687]
[7744]
[7895]
[7938]
[7975]
[7988]
[8031]
[8068]
[8411]
[8590]
[8620]
[8679]
[8691]
[8698]
[8730]
[8867]
[8978]
[8978, 16010]
[8978, 16010, 16011]
[8978, 16011]
[8985]
[9001]
[9010]
[9095]
[9150]
[9168]
[9169]
[9203]
[9304]
[9501]
[9510]
[9541]
[9547]
[9555]
[9579]
[9617]
[9662]
[9664]
[9669]
[9823]
[9843]
[9887]
[9907]
[10017]
[10074]
[10125]
[10128]
[10129]
[10132]
[10170]
[10175]
[10184]
[10268]
[10283]
[10419]
[10420]
[10423]
[10425]
[10440]
[10441]
[10442]
[10443]
[10444]
[10444, 10656]
[10446]
[10447]
[10448]
[10451]
[10453]
[10454]
[10469]
[10470]
[10474]
[10480]
[10481]
[10484]
[10487]
[10490]
[10490, 10525]
[10491]
[10493]
[10498]
[10499]
[10501]
[10510]
[10513]
[10515]
[10515, 10551]
[10525]
[10526]
[10533]
[10540]
[10542]
[10543]
[10546]
[10551]
[10553]
[10554]
[10555]
[10568]
[10571]
[10573]
[10579]
[10598]
[10605]
[10606]
[10611]
[10623]
[10648]
[10651]
[10653]
[10656]
[10674]
[10681]
[10730]
[10731]
[10804]
[10815]
[10818]
[10821]
[10831]
[10860]
[10862]
[10908]
[10910]
[10917]
[10939]
[10943]
[11039]
[11058]
[11114]
[11129]
[11254]
[11270]
[11296]
[11318]
[11338]
[11397]
[11468]
[11560]
[11600]
[11615]
[11630]
[11692]
[11718]
[11747]
[11794]
[11799]
[11840]
[12036]
[12070]
[12308]
[12473]
[12491]
[12503]
[12508]
[12677]
[12693]
[12858]
[12921]
[12923]
[12925]
[12929]
[12932]
[12933]
[12935]
[12938]
[12943]
[12946]
[12951]
[12952]
[12959]
[12973]
[12981]
[12982]
[12984]
[12996]
[13017]
[13032]
[13041]
[13043]
[13049]
[13052]
[13056]
[13060]
[13062]
[13068]
[13089]
[13109]
[13122]
[13141]
[13174]
[13182]
[13189]
[13190]
[13203]
[13255]
[13300]
[13318]
[13328]
[13334]
[13413]
[13443]
[13464]
[13524]
[13556]
[13662]
[13786]
[14006]
[14019]
[14040]
[14098]
[14098, 16010]
[14099]
[14120]
[14248]
[14347]
[14386]
[14634]
[14804]
[14872]
[14933]
[14953]
[15033]
[15036]
[15345]
[15578]
[15618]
[15659]
[15798]
[15832]
[15879]
[16010]
[16010, 16011]
[16011]
[16155]
[16217]
[16430]
[16430, 16431]
[16431]
