0 0 17 0 22 0 0 31 15 55 20 9 0 17 24 0 23 0 0 0 0 0 0 29 0 0 0 0 0 0 0 0 0 0 13 0 0 0 0 12 0 0 0 0 0 0 0 0 0 0 0 0 0 0 0 0 0 0 0 0 0 0 0 0 0 0 0 0 0 0 
45 0 48 31 41 43 55 55 28 55 48 70 128 33 40 29 30 70 16 18 80 0 108 68 88 130 30 58 97 57 29 52 85 13 23 120 0 138 0 51 24 0 0 0 0 0 167 37 0 110 68 0 0 63 80 45 55 47 0 103 0 60 49 0 61 0 112 0 0 43 
0 0 0 0 0 0 0 19 44 0 0 54 0 15 20 0 22 0 0 0 0 0 0 0 0 0 0 0 0 0 0 0 0 0 0 0 0 0 0 0 0 0 0 0 0 0 0 0 0 0 0 0 0 0 0 0 0 0 0 0 0 0 0 0 0 0 0 0 0 0 
31 0 19 0 50 15 24 58 36 67 19 24 35 34 51 59 41 160 47 13 23 0 16 62 103 104 21 39 36 27 52 70 68 77 47 12 0 66 0 25 19 0 0 0 0 0 46 48 0 61 14 0 0 20 40 65 23 31 0 22 0 17 9 0 19 0 13 0 0 23 
0 0 25 0 0 0 0 14 19 21 40 26 0 6 21 0 15 0 0 0 0 0 0 46 0 0 0 0 0 0 0 0 0 0 21 0 0 0 0 25 0 0 0 0 0 0 0 0 0 0 0 0 0 0 0 0 0 0 0 0 0 0 0 0 0 0 0 0 0 0 
16 0 20 0 29 0 21 15 8 21 18 45 33 13 7 19 9 32 12 21 37 0 26 23 54 45 9 23 21 21 7 26 37 11 8 37 0 58 0 28 42 0 0 0 0 0 50 18 0 46 22 0 0 21 43 10 26 29 0 28 0 14 30 0 32 0 32 0 0 17 
29 0 11 0 10 0 0 27 19 34 24 15 58 25 26 23 26 37 12 26 34 0 36 23 61 68 9 9 21 25 24 22 28 12 22 34 0 88 0 13 50 0 0 0 0 0 47 41 0 62 36 0 0 30 24 28 20 43 0 18 0 45 8 0 30 0 36 0 0 14 
0 0 0 0 0 0 0 0 33 0 0 53 0 35 33 0 31 0 0 0 0 0 0 0 0 0 0 0 0 0 0 0 0 0 0 0 0 0 0 0 0 0 0 0 0 0 0 0 0 0 0 0 0 0 0 0 0 0 0 0 0 0 0 0 0 0 0 0 0 0 
0 0 0 0 0 0 0 0 0 0 0 30 0 0 0 0 0 0 0 0 0 0 0 0 0 0 0 0 0 0 0 0 0 0 0 0 0 0 0 0 0 0 0 0 0 0 0 0 0 0 0 0 0 0 0 0 0 0 0 0 0 0 0 0 0 0 0 0 0 0 
0 0 12 0 0 0 0 0 1 0 33 12 0 1 8 0 1 0 0 0 0 0 0 27 0 0 0 0 0 0 0 0 0 0 21 0 0 0 0 22 0 0 0 0 0 0 0 0 0 0 0 0 0 0 0 0 0 0 0 0 0 0 0 0 0 0 0 0 0 0 
0 0 18 0 0 0 0 22 9 0 0 34 0 11 15 0 14 0 0 0 0 0 0 24 0 0 0 0 0 0 0 0 0 0 45 0 0 0 0 19 0 0 0 0 0 0 0 0 0 0 0 0 0 0 0 0 0 0 0 0 0 0 0 0 0 0 0 0 0 0 
0 0 0 0 0 0 0 0 0 0 0 0 0 34 104 0 45 0 0 0 0 0 0 0 0 0 0 0 0 0 0 0 0 0 0 0 0 0 0 0 0 0 0 0 0 0 0 0 0 0 0 0 0 0 0 0 0 0 0 0 0 0 0 0 0 0 0 0 0 0 
52 0 21 0 24 0 0 30 22 44 30 34 0 17 31 16 21 69 29 143 50 0 60 63 88 90 7 21 35 8 17 59 68 33 22 9 0 88 0 23 81 0 0 0 0 0 108 29 0 97 41 0 0 22 45 43 28 64 0 31 0 7 30 0 35 0 24 0 0 7 
0 0 0 0 0 0 0 0 0 0 0 0 0 0 0 0 0 0 0 0 0 0 0 0 0 0 0 0 0 0 0 0 0 0 0 0 0 0 0 0 0 0 0 0 0 0 0 0 0 0 0 0 0 0 0 0 0 0 0 0 0 0 0 0 0 0 0 0 0 0 
0 0 0 0 0 0 0 0 0 0 0 0 0 0 0 0 0 0 0 0 0 0 0 0 0 0 0 0 0 0 0 0 0 0 0 0 0 0 0 0 0 0 0 0 0 0 0 0 0 0 0 0 0 0 0 0 0 0 0 0 0 0 0 0 0 0 0 0 0 0 
13 0 3 0 22 0 0 24 12 29 10 20 0 14 11 0 13 35 16 29 12 0 27 18 43 39 12 20 35 10 11 29 29 6 9 20 0 32 0 11 43 0 0 0 0 0 28 51 0 44 10 0 0 9 25 17 10 7 0 31 0 9 3 0 20 0 9 0 0 0 
0 0 0 0 0 0 0 0 0 0 0 0 0 0 0 0 0 0 0 0 0 0 0 0 0 0 0 0 0 0 0 0 0 0 0 0 0 0 0 0 0 0 0 0 0 0 0 0 0 0 0 0 0 0 0 0 0 0 0 0 0 0 0 0 0 0 0 0 0 0 
28 0 23 0 56 0 0 65 32 73 49 37 0 23 41 0 31 0 55 37 48 0 34 72 129 154 42 55 61 23 67 60 55 51 21 30 0 101 0 43 43 0 0 0 0 0 59 103 0 69 32 0 0 23 35 27 29 26 0 28 0 32 42 0 23 0 31 0 0 34 
17 0 16 0 55 0 0 14 140 10 14 13 0 11 20 0 29 0 0 21 22 0 11 75 142 39 4 10 10 20 16 76 88 14 11 14 0 36 0 7 15 0 0 0 0 0 29 31 0 22 14 0 0 11 23 27 21 12 0 15 0 9 8 0 13 0 12 0 0 29 
20 0 10 0 15 0 0 19 30 36 17 19 0 13 20 0 18 0 0 0 25 0 23 20 43 34 8 23 40 39 14 21 21 12 14 123 0 34 0 17 7 0 0 0 0 0 45 45 0 55 32 0 0 18 39 41 18 30 0 27 0 10 16 0 26 0 76 0 0 29 
31 0 31 0 31 0 0 45 16 47 32 33 0 25 22 0 22 0 0 0 0 0 49 28 57 80 28 38 29 26 27 45 47 12 17 39 0 89 0 29 46 0 0 0 0 0 78 32 0 68 35 0 0 28 30 37 40 37 0 47 0 26 14 0 31 0 42 0 0 37 
23 82 11 17 14 7 27 21 17 18 27 22 33 22 18 15 16 30 10 25 43 0 30 8 34 62 6 22 21 37 16 16 18 7 6 23 16 64 180 26 38 25 16 141 592 202 51 31 10 49 17 591 17 28 25 21 17 28 46 29 74 21 11 20 23 12 25 69 0 11 
25 0 30 0 38 0 0 18 11 46 33 33 0 15 17 0 12 0 0 0 0 0 0 27 43 50 9 29 52 37 9 19 40 11 11 39 0 65 0 22 54 0 0 0 0 0 65 33 0 52 33 0 0 33 36 25 27 33 0 47 0 32 10 0 37 0 44 0 0 45 
0 0 24 0 0 0 0 17 27 0 0 33 0 10 63 0 21 0 0 0 0 0 0 0 0 0 0 0 0 0 0 0 0 0 29 0 0 0 0 19 0 0 0 0 0 0 0 0 0 0 0 0 0 0 0 0 0 0 0 0 0 0 0 0 0 0 0 0 0 0 
42 0 51 0 132 0 0 56 38 60 42 82 0 50 15 0 60 0 0 0 0 0 0 405 0 154 60 53 66 29 52 295 395 45 35 64 0 165 0 51 39 0 0 0 0 0 99 62 0 99 49 0 0 35 59 60 55 44 0 61 0 38 60 0 68 0 42 0 0 38 
28 0 56 0 51 0 0 52 40 56 86 50 0 54 54 0 45 0 0 0 0 0 0 45 0 0 54 175 84 83 52 63 65 60 39 69 0 201 0 35 65 0 0 0 0 0 99 85 0 179 29 0 0 50 112 44 62 72 0 43 0 36 49 0 67 0 34 0 0 32 
13 0 10 0 15 0 0 42 6 29 17 26 0 8 12 0 7 0 0 0 0 0 0 17 0 0 0 32 17 1 10 23 45 13 11 8 0 25 0 6 8 0 0 0 0 0 17 11 0 16 20 0 0 4 39 13 23 6 0 18 0 4 68 0 17 0 2 0 0 7 
23 0 16 0 18 0 0 16 14 34 43 31 0 15 23 0 15 0 0 0 0 0 0 22 0 0 0 0 32 14 28 30 51 13 12 17 0 79 0 22 21 0 0 0 0 0 41 21 0 60 19 0 0 18 42 18 18 26 0 33 0 14 33 0 20 0 23 0 0 13 
30 0 20 0 27 0 0 21 8 36 34 25 0 11 15 0 12 0 0 0 0 0 0 37 0 0 0 0 0 21 22 26 52 19 17 23 0 79 0 28 35 0 0 0 0 0 56 38 0 46 33 0 0 33 33 32 41 33 0 50 0 34 28 0 20 0 22 0 0 20 
50 0 14 0 9 0 0 12 25 11 20 16 0 18 22 0 19 0 0 0 0 0 0 27 0 0 0 0 0 0 22 23 14 16 3 3 0 36 0 18 79 0 0 0 0 0 51 18 0 50 16 0 0 23 39 31 13 19 0 22 0 1 14 0 28 0 3 0 0 7 
23 0 13 0 11 0 0 19 14 21 20 13 0 8 25 0 16 0 0 0 0 0 0 24 0 0 0 0 0 0 0 26 26 19 9 29 0 44 0 16 14 0 0 0 0 0 27 28 0 30 9 0 0 10 11 26 16 18 0 16 0 21 14 0 13 0 12 0 0 15 
32 0 24 0 38 0 0 33 21 39 20 30 0 16 21 0 34 0 0 0 0 0 0 264 0 0 0 0 0 0 0 0 680 41 17 29 0 71 0 24 19 0 0 0 0 0 43 67 0 64 30 0 0 21 38 48 24 30 0 13 0 24 13 0 29 0 22 0 0 35 
38 0 29 0 43 0 0 44 36 47 26 32 0 25 23 0 31 0 0 0 0 0 0 282 0 0 0 0 0 0 0 0 0 20 30 38 0 75 0 31 28 0 0 0 0 0 64 33 0 55 28 0 0 20 46 47 33 31 0 43 0 27 24 0 33 0 31 0 0 18 
7 0 4 0 11 0 0 20 15 22 15 9 0 17 18 0 22 0 0 0 0 0 0 19 0 0 0 0 0 0 0 0 0 0 12 9 0 23 0 11 12 0 0 0 0 0 18 28 0 34 9 0 0 8 13 11 9 12 0 9 0 8 9 0 7 0 6 0 0 9 
0 0 10 0 0 0 0 16 2 0 0 22 0 8 74 0 10 0 0 0 0 0 0 0 0 0 0 0 0 0 0 0 0 0 0 0 0 0 0 13 0 0 0 0 0 0 0 0 0 0 0 0 0 0 0 0 0 0 0 0 0 0 0 0 0 0 0 0 0 0 
23 0 13 0 15 0 0 24 20 43 26 27 0 20 16 0 30 0 0 0 0 0 0 32 0 0 0 0 0 0 0 0 0 0 9 0 0 70 0 40 22 0 0 0 0 0 72 22 0 45 51 0 0 29 31 23 38 45 0 58 0 3 25 0 48 0 11 0 0 2 
14 44 21 39 15 6 34 28 14 37 12 23 19 25 19 4 13 29 10 13 25 0 14 23 52 95 5 40 28 12 24 25 43 15 12 9 0 54 185 9 13 16 19 165 538 207 23 15 5 35 8 493 7 12 29 24 6 9 22 13 56 17 19 16 11 29 9 84 0 14 
47 0 65 0 107 0 0 73 34 79 57 101 0 58 52 0 37 0 0 0 0 0 0 70 0 0 0 0 0 0 0 0 0 0 32 0 0 0 0 0 56 0 0 0 0 0 95 66 0 21 57 0 0 77 62 49 56 50 0 84 0 26 44 0 53 0 54 0 0 42 
285 412 163 449 340 193 252 232 225 323 231 224 359 231 281 188 204 540 198 228 289 0 184 358 655 568 134 216 321 194 155 437 470 229 189 279 0 541 0 175 229 494 186 2833 8455 3196 326 349 116 447 167 8034 205 180 300 280 228 257 262 224 774 266 167 232 194 384 262 713 0 209 
0 0 17 0 0 0 0 18 15 0 0 37 0 13 13 0 13 0 0 0 0 0 0 0 0 0 0 0 0 0 0 0 0 0 0 0 0 0 0 0 0 0 0 0 0 0 0 0 0 0 0 0 0 0 0 0 0 0 0 0 0 0 0 0 0 0 0 0 0 0 
34 0 15 0 19 0 0 17 31 15 27 29 0 38 18 0 22 0 0 0 0 0 0 28 0 0 0 0 0 0 0 0 0 0 5 0 0 0 0 19 0 0 0 0 0 0 78 21 0 92 21 0 0 33 64 34 29 32 0 31 0 40 12 0 36 0 82 0 0 34 
30 74 28 186 63 34 36 53 25 61 32 52 57 27 37 33 29 214 62 27 41 0 29 78 144 159 62 62 54 29 73 58 85 48 24 37 0 92 0 41 24 0 72 2790 2037 700 54 68 68 54 33 1416 21 24 43 10 53 34 33 45 152 18 55 59 40 75 21 153 0 19 
9 31 5 75 19 8 8 14 18 18 12 6 37 14 23 6 12 52 21 12 13 0 12 19 29 54 4 23 20 13 14 30 19 35 15 14 0 24 0 11 14 0 0 1046 707 247 10 52 31 26 12 565 10 13 14 18 3 19 7 7 28 16 6 11 6 16 9 68 0 6 
177 345 114 2725 306 132 201 294 183 347 203 181 328 162 221 218 193 3031 272 162 217 0 147 407 681 683 200 269 267 162 251 390 392 1116 185 140 0 433 0 174 184 0 0 0 10345 3897 297 389 165 393 139 7944 224 129 235 206 170 185 193 195 643 173 221 219 154 313 172 764 0 162 
583 1400 528 1759 983 554 726 938 688 1156 789 801 1137 718 829 622 728 2059 631 653 828 0 669 1287 2351 1929 564 752 1057 628 599 1194 1434 750 655 715 0 1852 0 576 742 0 0 0 0 11414 1130 1260 559 1500 580 29142 768 648 922 663 708 723 983 775 2787 635 759 774 640 1111 703 2749 0 600 
198 476 172 677 501 264 236 154 390 459 215 170 438 421 467 210 433 805 293 224 298 0 253 570 877 597 119 258 332 254 204 508 584 268 217 256 0 719 0 214 256 0 0 0 0 0 414 428 172 570 203 9018 220 214 336 242 217 303 264 286 995 229 206 201 201 499 320 732 0 225 
94 0 44 0 26 0 0 47 110 39 44 60 0 33 27 0 87 0 0 0 0 0 0 67 0 0 0 0 0 0 0 0 0 0 22 0 0 0 0 38 0 0 0 0 0 0 0 29 0 85 54 0 0 40 44 39 29 31 0 72 0 34 18 0 35 0 74 0 0 54 
23 0 15 0 12 0 0 14 27 20 34 39 0 40 35 0 31 0 0 0 0 0 0 36 0 0 0 0 0 0 0 0 0 0 17 0 0 0 0 23 0 0 0 0 0 0 0 0 0 65 23 0 0 21 27 22 29 30 0 23 0 27 36 0 23 0 25 0 0 10 
17 52 3 13 16 11 14 23 3 32 27 9 22 6 7 12 5 30 6 1 15 0 17 12 53 54 12 46 23 4 7 10 28 8 9 11 0 29 0 30 9 0 0 0 0 0 47 0 0 9 9 492 13 11 46 12 13 10 11 16 39 17 27 8 5 26 8 51 0 8 
57 0 22 0 62 0 0 40 27 50 57 48 0 37 31 0 32 0 0 0 0 0 0 38 0 0 0 0 0 0 0 0 0 0 33 0 0 0 0 2 0 0 0 0 0 0 0 0 0 0 40 0 0 70 85 36 24 59 0 46 0 64 36 0 38 0 55 0 0 65 
21 0 14 0 16 0 0 23 19 22 23 37 0 14 25 0 21 0 0 0 0 0 0 21 0 0 0 0 0 0 0 0 0 0 10 0 0 0 0 19 0 0 0 0 0 0 0 0 0 0 0 0 0 20 24 18 36 20 0 37 0 26 5 0 33 0 29 0 0 9 
614 1311 524 1380 811 601 797 817 602 968 669 698 1036 585 730 517 647 1557 493 624 816 0 674 955 1736 1682 399 675 1057 643 534 957 1090 591 779 658 0 1692 0 592 779 0 0 0 0 0 1135 1025 0 1428 513 0 843 582 861 658 628 743 815 687 2529 666 520 824 583 893 701 2798 0 540 
23 54 16 38 20 18 34 24 5 33 23 14 25 9 9 24 9 41 6 32 24 0 32 25 53 37 12 17 30 28 10 38 27 15 20 22 0 54 0 31 34 0 0 0 0 0 49 26 0 59 25 0 0 18 29 15 27 33 11 19 73 29 15 31 15 19 32 17 0 13 
28 0 11 0 17 0 0 20 7 19 19 10 0 20 12 0 17 0 0 0 0 0 0 28 0 0 0 0 0 0 0 0 0 0 9 0 0 0 0 24 0 0 0 0 0 0 0 0 0 0 0 0 0 0 26 17 23 30 0 36 0 24 13 0 12 0 26 0 0 19 
28 0 32 0 35 0 0 31 17 48 34 4 0 25 24 0 12 0 0 0 0 0 0 35 0 0 0 0 0 0 0 0 0 0 15 0 0 0 0 25 0 0 0 0 0 0 0 0 0 0 0 0 0 0 0 24 33 42 0 44 0 30 33 0 37 0 39 0 0 40 
36 0 20 0 15 0 0 42 11 31 14 24 0 23 16 0 16 0 0 0 0 0 0 44 0 0 0 0 0 0 0 0 0 0 7 0 0 0 0 24 0 0 0 0 0 0 0 0 0 0 0 0 0 0 0 0 20 22 0 19 0 30 3 0 19 0 20 0 0 10 
14 0 22 0 28 0 0 35 16 26 23 32 0 12 20 0 20 0 0 0 0 0 0 38 0 0 0 0 0 0 0 0 0 0 6 0 0 0 0 30 0 0 0 0 0 0 0 0 0 0 0 0 0 0 0 0 0 22 0 48 0 17 20 0 36 0 41 0 0 21 
33 0 26 0 18 0 0 10 10 22 33 55 0 15 20 0 18 0 0 0 0 0 0 23 0 0 0 0 0 0 0 0 0 0 15 0 0 0 0 10 0 0 0 0 0 0 0 0 0 0 0 0 0 0 0 0 0 0 0 24 0 46 16 0 29 0 34 0 0 16 
24 9 29 38 31 27 33 18 41 30 29 43 44 1 5 32 1 35 22 6 38 0 32 39 78 86 13 31 47 35 26 33 34 11 7 85 0 118 0 23 2 0 0 0 0 0 81 34 0 47 44 0 0 29 29 20 45 33 0 107 176 24 22 22 49 30 20 143 0 13 
20 0 19 0 33 0 0 23 10 32 37 47 0 13 8 0 4 0 0 0 0 0 0 34 0 0 0 0 0 0 0 0 0 0 10 0 0 0 0 30 0 0 0 0 0 0 0 0 0 0 0 0 0 0 0 0 0 0 0 0 0 11 35 0 52 0 21 0 0 31 
85 230 108 88 98 101 95 102 49 137 102 108 158 91 79 79 74 111 68 93 79 0 163 123 213 215 40 105 132 97 89 92 168 32 44 144 0 226 0 86 119 0 0 0 0 0 176 102 0 168 110 0 0 79 107 88 120 105 0 126 0 67 54 65 124 100 112 314 0 72 
55 0 17 0 29 0 0 22 10 30 25 13 0 12 15 0 24 0 0 0 0 0 0 31 0 0 0 0 0 0 0 0 0 0 24 0 0 0 0 19 0 0 0 0 0 0 0 0 0 0 0 0 0 0 0 0 0 0 0 0 0 0 9 0 16 0 12 0 0 4 
14 0 7 0 10 0 0 26 8 35 27 24 0 10 13 0 10 0 0 0 0 0 0 16 0 0 0 0 0 0 0 0 0 0 19 0 0 0 0 17 0 0 0 0 0 0 0 0 0 0 0 0 0 0 0 0 0 0 0 0 0 0 0 0 17 0 7 0 0 6 
12 41 23 33 32 20 16 23 5 25 27 27 25 7 13 18 7 43 12 20 30 0 12 32 50 70 8 16 23 11 14 25 21 9 40 20 0 50 0 13 13 0 0 0 0 0 27 27 0 47 23 0 0 6 33 12 18 16 0 26 0 14 9 0 16 26 25 121 0 15 
15 0 22 0 18 0 0 19 12 35 44 30 0 10 2 0 0 0 0 0 0 0 0 37 0 0 0 0 0 0 0 0 0 0 16 0 0 0 0 14 0 0 0 0 0 0 0 0 0 0 0 0 0 0 0 0 0 0 0 0 0 0 0 0 0 0 27 0 0 10 
42 58 27 44 86 23 16 13 22 39 24 26 47 17 24 23 28 68 40 20 45 0 30 91 134 55 15 27 28 19 10 63 63 15 26 24 0 66 0 32 24 0 0 0 0 0 43 34 0 73 25 0 0 22 31 26 14 22 0 27 0 21 14 0 30 0 30 72 0 11 
40 0 16 0 29 0 0 37 27 42 20 31 0 41 20 0 27 0 0 0 0 0 0 21 0 0 0 0 0 0 0 0 0 0 12 0 0 0 0 26 0 0 0 0 0 0 0 0 0 0 0 0 0 0 0 0 0 0 0 0 0 0 0 0 0 0 0 0 0 9 
56 191 68 107 65 64 78 94 107 88 94 106 117 59 53 74 40 171 43 63 89 0 103 89 163 232 43 83 89 93 77 73 98 60 54 71 0 228 0 62 110 0 0 0 0 0 123 65 0 153 68 0 0 56 120 59 94 117 0 84 0 48 69 0 75 0 67 0 0 59 
27 97 25 14 30 50 24 26 20 32 40 54 51 26 30 30 18 51 19 24 46 87 41 37 48 83 23 44 34 51 17 37 52 13 10 62 22 96 250 31 72 45 12 198 832 307 81 17 14 68 30 790 27 36 50 21 34 30 59 64 136 23 24 26 43 19 45 110 0 28 
23 0 17 0 24 0 0 15 17 9 25 14 0 15 22 0 16 0 0 0 0 0 0 21 0 0 0 0 0 0 0 0 0 0 13 0 0 0 0 20 0 0 0 0 0 0 0 0 0 0 0 0 0 0 0 0 0 0 0 0 0 0 0 0 0 0 0 0 0 0 
