0 45 17 31 22 16 29 31 15 55 20 9 52 17 24 13 23 28 17 20 31 23 25 29 42 28 13 23 30 50 23 32 38 7 13 23 14 47 285 12 34 30 9 177 583 198 94 23 17 57 21 614 23 28 28 36 14 33 24 20 85 55 14 12 15 42 40 56 27 23 
0 0 48 31 41 43 55 55 28 55 48 70 128 33 40 29 30 70 16 18 80 82 108 68 88 130 30 58 97 57 29 52 85 13 23 120 44 138 412 51 24 74 31 345 1400 476 167 37 52 110 68 1311 54 63 80 45 55 47 9 103 230 60 49 41 61 58 112 191 97 43 
0 0 0 19 25 20 11 19 44 12 18 54 21 15 20 3 22 23 16 10 31 11 30 24 51 56 10 16 20 14 13 24 29 4 10 13 21 65 163 17 15 28 5 114 528 172 44 15 3 22 14 524 16 11 32 20 22 26 29 19 108 17 7 23 22 27 16 68 25 17 
0 0 0 0 50 15 24 58 36 67 19 24 35 34 51 59 41 160 47 13 23 17 16 62 103 104 21 39 36 27 52 70 68 77 47 12 39 66 449 25 19 186 75 2725 1759 677 46 48 13 61 14 1380 38 20 40 65 23 31 38 22 88 17 9 33 19 44 13 107 14 23 
0 0 0 0 0 29 10 14 19 21 40 26 24 6 21 22 15 56 55 15 31 14 38 46 132 51 15 18 27 9 11 38 43 11 21 15 15 107 340 25 19 63 19 306 983 501 26 12 16 62 16 811 20 17 35 15 28 18 31 33 98 29 10 32 18 86 29 65 30 24 
0 0 0 0 0 0 21 15 8 21 18 45 33 13 7 19 9 32 12 21 37 7 26 23 54 45 9 23 21 21 7 26 37 11 8 37 6 58 193 28 42 34 8 132 554 264 50 18 11 46 22 601 18 21 43 10 26 29 27 28 101 14 30 20 32 23 32 64 50 17 
0 0 0 0 0 0 0 27 19 34 24 15 58 25 26 23 26 37 12 26 34 27 36 23 61 68 9 9 21 25 24 22 28 12 22 34 34 88 252 13 50 36 8 201 726 236 47 41 14 62 36 797 34 30 24 28 20 43 33 18 95 45 8 16 30 16 36 78 24 14 
0 0 0 0 0 0 0 0 33 0 22 53 30 35 33 24 31 65 14 19 45 21 18 17 56 52 42 16 21 12 19 33 44 20 16 24 28 73 232 18 17 53 14 294 938 154 47 14 23 40 23 817 24 20 31 42 35 10 18 23 102 22 26 23 19 13 37 94 26 15 
0 0 0 0 0 0 0 0 0 1 9 30 22 0 0 12 0 32 140 30 16 17 11 27 38 40 6 14 8 25 14 21 36 15 2 20 14 34 225 15 31 25 18 183 688 390 110 27 3 27 19 602 5 7 17 11 16 10 41 10 49 10 8 5 12 22 27 107 20 17 
0 0 0 0 0 0 0 0 0 0 33 12 44 1 8 29 1 73 10 36 47 18 46 27 60 56 29 34 36 11 21 39 47 22 21 43 37 79 323 22 15 61 18 347 1156 459 39 20 32 50 22 968 33 19 48 31 26 22 30 32 137 30 35 25 35 39 42 88 32 9 
0 0 0 0 0 0 0 0 0 0 0 34 30 11 15 10 14 49 14 17 32 27 33 24 42 86 17 43 34 20 20 20 26 15 45 26 12 57 231 19 27 32 12 203 789 215 44 34 27 57 23 669 23 19 34 14 23 33 29 37 102 25 27 27 44 24 20 94 40 25 
0 0 0 0 0 0 0 0 0 0 0 0 34 34 104 20 45 37 13 19 33 22 33 33 82 50 26 31 25 16 13 30 32 9 22 27 23 101 224 37 29 52 6 181 801 170 60 39 9 48 37 698 14 10 4 24 32 55 43 47 108 13 24 27 30 26 31 106 54 14 
0 0 0 0 0 0 0 0 0 0 0 0 0 17 31 16 21 69 29 143 50 33 60 63 88 90 7 21 35 8 17 59 68 33 22 9 19 88 359 23 81 57 37 328 1137 438 108 29 22 97 41 1036 25 22 45 43 28 64 44 31 158 7 30 25 35 47 24 117 51 7 
0 0 0 0 0 0 0 0 0 0 0 0 0 0 0 14 0 23 11 13 25 22 15 10 50 54 8 15 11 18 8 16 25 17 8 20 25 58 231 13 38 27 14 162 718 421 33 40 6 37 14 585 9 20 25 23 12 15 1 13 91 12 10 7 10 17 41 59 26 15 
0 0 0 0 0 0 0 0 0 0 0 0 0 0 0 11 0 41 20 20 22 18 17 63 15 54 12 23 15 22 25 21 23 18 74 16 19 52 281 13 18 37 23 221 829 467 27 35 7 31 25 730 9 12 24 16 20 20 5 8 79 15 13 13 2 24 20 53 30 22 
0 0 0 0 0 0 0 0 0 0 0 0 0 0 0 0 13 35 16 29 12 15 27 18 43 39 12 20 35 10 11 29 29 6 9 20 4 32 188 11 43 33 6 218 622 210 28 51 12 44 10 517 24 9 25 17 10 7 32 31 79 9 3 18 20 23 9 74 30 0 
0 0 0 0 0 0 0 0 0 0 0 0 0 0 0 0 0 31 29 18 22 16 12 21 60 45 7 15 12 19 16 34 31 22 10 30 13 37 204 13 22 29 12 193 728 433 87 31 5 32 21 647 9 17 12 16 20 18 1 4 74 24 10 7 0 28 27 40 18 16 
0 0 0 0 0 0 0 0 0 0 0 0 0 0 0 0 0 0 55 37 48 30 34 72 129 154 42 55 61 23 67 60 55 51 21 30 29 101 540 43 43 214 52 3031 2059 805 59 103 30 69 32 1557 41 23 35 27 29 26 35 28 111 32 42 43 23 68 31 171 51 34 
0 0 0 0 0 0 0 0 0 0 0 0 0 0 0 0 0 0 0 21 22 10 11 75 142 39 4 10 10 20 16 76 88 14 11 14 10 36 198 7 15 62 21 272 631 293 29 31 6 22 14 493 6 11 23 27 21 12 22 15 68 9 8 12 13 40 12 43 19 29 
0 0 0 0 0 0 0 0 0 0 0 0 0 0 0 0 0 0 0 0 25 25 23 20 43 34 8 23 40 39 14 21 21 12 14 123 13 34 228 17 7 27 12 162 653 224 45 45 1 55 32 624 32 18 39 41 18 30 6 27 93 10 16 20 26 20 76 63 24 29 
0 0 0 0 0 0 0 0 0 0 0 0 0 0 0 0 0 0 0 0 0 43 49 28 57 80 28 38 29 26 27 45 47 12 17 39 25 89 289 29 46 41 13 217 828 298 78 32 15 68 35 816 24 28 30 37 40 37 38 47 79 26 14 30 31 45 42 89 46 37 
0 0 0 0 0 0 0 0 0 0 0 0 0 0 0 0 0 0 0 0 0 0 30 8 34 62 6 22 21 37 16 16 18 7 6 23 16 64 180 26 38 25 16 141 592 202 51 31 10 49 17 591 17 28 25 21 17 28 46 29 74 21 11 20 23 12 25 69 87 11 
0 0 0 0 0 0 0 0 0 0 0 0 0 0 0 0 0 0 0 0 0 0 0 27 43 50 9 29 52 37 9 19 40 11 11 39 14 65 184 22 54 29 12 147 669 253 65 33 17 52 33 674 32 33 36 25 27 33 32 47 163 32 10 12 37 30 44 103 41 45 
0 0 0 0 0 0 0 0 0 0 0 0 0 0 0 0 0 0 0 0 0 0 0 0 405 45 17 22 37 27 24 264 282 19 29 32 23 70 358 19 28 78 19 407 1287 570 67 36 12 38 21 955 25 28 35 44 38 23 39 34 123 31 16 32 37 91 21 89 37 21 
0 0 0 0 0 0 0 0 0 0 0 0 0 0 0 0 0 0 0 0 0 0 0 0 0 154 60 53 66 29 52 295 395 45 35 64 52 165 655 51 39 144 29 681 2351 877 99 62 53 99 49 1736 53 35 59 60 55 44 78 61 213 38 60 50 68 134 42 163 48 38 
0 0 0 0 0 0 0 0 0 0 0 0 0 0 0 0 0 0 0 0 0 0 0 0 0 0 54 175 84 83 52 63 65 60 39 69 95 201 568 35 65 159 54 683 1929 597 99 85 54 179 29 1682 37 50 112 44 62 72 86 43 215 36 49 70 67 55 34 232 83 32 
0 0 0 0 0 0 0 0 0 0 0 0 0 0 0 0 0 0 0 0 0 0 0 0 0 0 0 32 17 1 10 23 45 13 11 8 5 25 134 6 8 62 4 200 564 119 17 11 12 16 20 399 12 4 39 13 23 6 13 18 40 4 68 8 17 15 2 43 23 7 
0 0 0 0 0 0 0 0 0 0 0 0 0 0 0 0 0 0 0 0 0 0 0 0 0 0 0 0 32 14 28 30 51 13 12 17 40 79 216 22 21 62 23 269 752 258 41 21 46 60 19 675 17 18 42 18 18 26 31 33 105 14 33 16 20 27 23 83 44 13 
0 0 0 0 0 0 0 0 0 0 0 0 0 0 0 0 0 0 0 0 0 0 0 0 0 0 0 0 0 21 22 26 52 19 17 23 28 79 321 28 35 54 20 267 1057 332 56 38 23 46 33 1057 30 33 33 32 41 33 47 50 132 34 28 23 20 28 22 89 34 20 
0 0 0 0 0 0 0 0 0 0 0 0 0 0 0 0 0 0 0 0 0 0 0 0 0 0 0 0 0 0 22 23 14 16 3 3 12 36 194 18 79 29 13 162 628 254 51 18 4 50 16 643 28 23 39 31 13 19 35 22 97 1 14 11 28 19 3 93 51 7 
0 0 0 0 0 0 0 0 0 0 0 0 0 0 0 0 0 0 0 0 0 0 0 0 0 0 0 0 0 0 0 26 26 19 9 29 24 44 155 16 14 73 14 251 599 204 27 28 7 30 9 534 10 10 11 26 16 18 26 16 89 21 14 14 13 10 12 77 17 15 
0 0 0 0 0 0 0 0 0 0 0 0 0 0 0 0 0 0 0 0 0 0 0 0 0 0 0 0 0 0 0 0 680 41 17 29 25 71 437 24 19 58 30 390 1194 508 43 67 10 64 30 957 38 21 38 48 24 30 33 13 92 24 13 25 29 63 22 73 37 35 
0 0 0 0 0 0 0 0 0 0 0 0 0 0 0 0 0 0 0 0 0 0 0 0 0 0 0 0 0 0 0 0 0 20 30 38 43 75 470 31 28 85 19 392 1434 584 64 33 28 55 28 1090 27 20 46 47 33 31 34 43 168 27 24 21 33 63 31 98 52 18 
0 0 0 0 0 0 0 0 0 0 0 0 0 0 0 0 0 0 0 0 0 0 0 0 0 0 0 0 0 0 0 0 0 0 12 9 15 23 229 11 12 48 35 1116 750 268 18 28 8 34 9 591 15 8 13 11 9 12 11 9 32 8 9 9 7 15 6 60 13 9 
0 0 0 0 0 0 0 0 0 0 0 0 0 0 0 0 0 0 0 0 0 0 0 0 0 0 0 0 0 0 0 0 0 0 0 9 12 32 189 13 5 24 15 185 655 217 22 17 9 33 10 779 20 9 15 7 6 15 7 10 44 24 19 40 16 26 12 54 10 13 
0 0 0 0 0 0 0 0 0 0 0 0 0 0 0 0 0 0 0 0 0 0 0 0 0 0 0 0 0 0 0 0 0 0 0 0 9 70 279 40 22 37 14 140 715 256 72 22 11 45 51 658 22 29 31 23 38 45 85 58 144 3 25 20 48 24 11 71 62 2 
0 0 0 0 0 0 0 0 0 0 0 0 0 0 0 0 0 0 0 0 0 0 0 0 0 0 0 0 0 0 0 0 0 0 0 0 0 54 185 9 13 16 19 165 538 207 23 15 5 35 8 493 7 12 29 24 6 9 22 13 56 17 19 16 11 29 9 84 22 14 
0 0 0 0 0 0 0 0 0 0 0 0 0 0 0 0 0 0 0 0 0 0 0 0 0 0 0 0 0 0 0 0 0 0 0 0 0 0 541 0 56 92 24 433 1852 719 95 66 29 21 57 1692 54 77 62 49 56 50 118 84 226 26 44 50 53 66 54 228 96 42 
0 0 0 0 0 0 0 0 0 0 0 0 0 0 0 0 0 0 0 0 0 0 0 0 0 0 0 0 0 0 0 0 0 0 0 0 0 0 0 175 229 494 186 2833 8455 3196 326 349 116 447 167 8034 205 180 300 280 228 257 262 224 774 266 167 232 194 384 262 713 250 209 
0 0 0 0 0 0 0 0 0 0 0 0 0 0 0 0 0 0 0 0 0 0 0 0 0 0 0 0 0 0 0 0 0 0 0 0 0 0 0 0 19 41 11 174 576 214 38 23 30 2 19 592 31 24 25 24 30 10 23 30 86 19 17 13 14 32 26 62 31 20 
0 0 0 0 0 0 0 0 0 0 0 0 0 0 0 0 0 0 0 0 0 0 0 0 0 0 0 0 0 0 0 0 0 0 0 0 0 0 0 0 0 24 14 184 742 256 78 21 9 92 21 779 34 33 64 34 29 32 2 31 119 40 12 13 36 24 82 110 72 34 
0 0 0 0 0 0 0 0 0 0 0 0 0 0 0 0 0 0 0 0 0 0 0 0 0 0 0 0 0 0 0 0 0 0 0 0 0 0 0 0 0 0 72 2790 2037 700 54 68 68 54 33 1416 21 24 43 10 53 34 33 45 152 18 55 59 40 75 21 153 45 19 
0 0 0 0 0 0 0 0 0 0 0 0 0 0 0 0 0 0 0 0 0 0 0 0 0 0 0 0 0 0 0 0 0 0 0 0 0 0 0 0 0 0 0 1046 707 247 10 52 31 26 12 565 10 13 14 18 3 19 7 7 28 16 6 11 6 16 9 68 12 6 
0 0 0 0 0 0 0 0 0 0 0 0 0 0 0 0 0 0 0 0 0 0 0 0 0 0 0 0 0 0 0 0 0 0 0 0 0 0 0 0 0 0 0 0 10345 3897 297 389 165 393 139 7944 224 129 235 206 170 185 193 195 643 173 221 219 154 313 172 764 198 162 
0 0 0 0 0 0 0 0 0 0 0 0 0 0 0 0 0 0 0 0 0 0 0 0 0 0 0 0 0 0 0 0 0 0 0 0 0 0 0 0 0 0 0 0 0 11414 1130 1260 559 1500 580 29142 768 648 922 663 708 723 983 775 2787 635 759 774 640 1111 703 2749 832 600 
0 0 0 0 0 0 0 0 0 0 0 0 0 0 0 0 0 0 0 0 0 0 0 0 0 0 0 0 0 0 0 0 0 0 0 0 0 0 0 0 0 0 0 0 0 0 414 428 172 570 203 9018 220 214 336 242 217 303 264 286 995 229 206 201 201 499 320 732 307 225 
0 0 0 0 0 0 0 0 0 0 0 0 0 0 0 0 0 0 0 0 0 0 0 0 0 0 0 0 0 0 0 0 0 0 0 0 0 0 0 0 0 0 0 0 0 0 0 29 47 85 54 1135 49 40 44 39 29 31 81 72 176 34 18 27 35 43 74 123 81 54 
0 0 0 0 0 0 0 0 0 0 0 0 0 0 0 0 0 0 0 0 0 0 0 0 0 0 0 0 0 0 0 0 0 0 0 0 0 0 0 0 0 0 0 0 0 0 0 0 0 65 23 1025 26 21 27 22 29 30 34 23 102 27 36 27 23 34 25 65 17 10 
0 0 0 0 0 0 0 0 0 0 0 0 0 0 0 0 0 0 0 0 0 0 0 0 0 0 0 0 0 0 0 0 0 0 0 0 0 0 0 0 0 0 0 0 0 0 0 0 0 9 9 492 13 11 46 12 13 10 11 16 39 17 27 8 5 26 8 51 14 8 
0 0 0 0 0 0 0 0 0 0 0 0 0 0 0 0 0 0 0 0 0 0 0 0 0 0 0 0 0 0 0 0 0 0 0 0 0 0 0 0 0 0 0 0 0 0 0 0 0 0 40 1428 59 70 85 36 24 59 47 46 168 64 36 47 38 73 55 153 68 65 
0 0 0 0 0 0 0 0 0 0 0 0 0 0 0 0 0 0 0 0 0 0 0 0 0 0 0 0 0 0 0 0 0 0 0 0 0 0 0 0 0 0 0 0 0 0 0 0 0 0 0 513 25 20 24 18 36 20 44 37 110 26 5 23 33 25 29 68 30 9 
0 0 0 0 0 0 0 0 0 0 0 0 0 0 0 0 0 0 0 0 0 0 0 0 0 0 0 0 0 0 0 0 0 0 0 0 0 0 0 0 0 0 0 0 0 0 0 0 0 0 0 0 843 582 861 658 628 743 815 687 2529 666 520 824 583 893 701 2798 790 540 
0 0 0 0 0 0 0 0 0 0 0 0 0 0 0 0 0 0 0 0 0 0 0 0 0 0 0 0 0 0 0 0 0 0 0 0 0 0 0 0 0 0 0 0 0 0 0 0 0 0 0 0 0 18 29 15 27 33 11 19 73 29 15 31 15 19 32 17 27 13 
0 0 0 0 0 0 0 0 0 0 0 0 0 0 0 0 0 0 0 0 0 0 0 0 0 0 0 0 0 0 0 0 0 0 0 0 0 0 0 0 0 0 0 0 0 0 0 0 0 0 0 0 0 0 26 17 23 30 29 36 79 24 13 6 12 22 26 56 36 19 
0 0 0 0 0 0 0 0 0 0 0 0 0 0 0 0 0 0 0 0 0 0 0 0 0 0 0 0 0 0 0 0 0 0 0 0 0 0 0 0 0 0 0 0 0 0 0 0 0 0 0 0 0 0 0 24 33 42 29 44 107 30 33 33 37 31 39 120 50 40 
0 0 0 0 0 0 0 0 0 0 0 0 0 0 0 0 0 0 0 0 0 0 0 0 0 0 0 0 0 0 0 0 0 0 0 0 0 0 0 0 0 0 0 0 0 0 0 0 0 0 0 0 0 0 0 0 20 22 20 19 88 30 3 12 19 26 20 59 21 10 
0 0 0 0 0 0 0 0 0 0 0 0 0 0 0 0 0 0 0 0 0 0 0 0 0 0 0 0 0 0 0 0 0 0 0 0 0 0 0 0 0 0 0 0 0 0 0 0 0 0 0 0 0 0 0 0 0 22 45 48 120 17 20 18 36 14 41 94 34 21 
0 0 0 0 0 0 0 0 0 0 0 0 0 0 0 0 0 0 0 0 0 0 0 0 0 0 0 0 0 0 0 0 0 0 0 0 0 0 0 0 0 0 0 0 0 0 0 0 0 0 0 0 0 0 0 0 0 0 33 24 105 46 16 16 29 22 34 117 30 16 
0 0 0 0 0 0 0 0 0 0 0 0 0 0 0 0 0 0 0 0 0 0 0 0 0 0 0 0 0 0 0 0 0 0 0 0 0 0 0 0 0 0 0 0 0 0 0 0 0 0 0 0 0 0 0 0 0 0 0 107 176 24 22 22 49 30 20 143 59 13 
0 0 0 0 0 0 0 0 0 0 0 0 0 0 0 0 0 0 0 0 0 0 0 0 0 0 0 0 0 0 0 0 0 0 0 0 0 0 0 0 0 0 0 0 0 0 0 0 0 0 0 0 0 0 0 0 0 0 0 0 126 11 35 26 52 27 21 84 64 31 
0 0 0 0 0 0 0 0 0 0 0 0 0 0 0 0 0 0 0 0 0 0 0 0 0 0 0 0 0 0 0 0 0 0 0 0 0 0 0 0 0 0 0 0 0 0 0 0 0 0 0 0 0 0 0 0 0 0 0 0 0 67 54 65 124 100 112 314 136 72 
0 0 0 0 0 0 0 0 0 0 0 0 0 0 0 0 0 0 0 0 0 0 0 0 0 0 0 0 0 0 0 0 0 0 0 0 0 0 0 0 0 0 0 0 0 0 0 0 0 0 0 0 0 0 0 0 0 0 0 0 0 0 9 14 16 21 12 48 23 4 
0 0 0 0 0 0 0 0 0 0 0 0 0 0 0 0 0 0 0 0 0 0 0 0 0 0 0 0 0 0 0 0 0 0 0 0 0 0 0 0 0 0 0 0 0 0 0 0 0 0 0 0 0 0 0 0 0 0 0 0 0 0 0 9 17 14 7 69 24 6 
0 0 0 0 0 0 0 0 0 0 0 0 0 0 0 0 0 0 0 0 0 0 0 0 0 0 0 0 0 0 0 0 0 0 0 0 0 0 0 0 0 0 0 0 0 0 0 0 0 0 0 0 0 0 0 0 0 0 0 0 0 0 0 0 16 26 25 121 26 15 
0 0 0 0 0 0 0 0 0 0 0 0 0 0 0 0 0 0 0 0 0 0 0 0 0 0 0 0 0 0 0 0 0 0 0 0 0 0 0 0 0 0 0 0 0 0 0 0 0 0 0 0 0 0 0 0 0 0 0 0 0 0 0 0 0 30 27 75 43 10 
0 0 0 0 0 0 0 0 0 0 0 0 0 0 0 0 0 0 0 0 0 0 0 0 0 0 0 0 0 0 0 0 0 0 0 0 0 0 0 0 0 0 0 0 0 0 0 0 0 0 0 0 0 0 0 0 0 0 0 0 0 0 0 0 0 0 30 72 19 11 
0 0 0 0 0 0 0 0 0 0 0 0 0 0 0 0 0 0 0 0 0 0 0 0 0 0 0 0 0 0 0 0 0 0 0 0 0 0 0 0 0 0 0 0 0 0 0 0 0 0 0 0 0 0 0 0 0 0 0 0 0 0 0 0 0 0 0 67 45 9 
0 0 0 0 0 0 0 0 0 0 0 0 0 0 0 0 0 0 0 0 0 0 0 0 0 0 0 0 0 0 0 0 0 0 0 0 0 0 0 0 0 0 0 0 0 0 0 0 0 0 0 0 0 0 0 0 0 0 0 0 0 0 0 0 0 0 0 0 110 59 
0 0 0 0 0 0 0 0 0 0 0 0 0 0 0 0 0 0 0 0 0 0 0 0 0 0 0 0 0 0 0 0 0 0 0 0 0 0 0 0 0 0 0 0 0 0 0 0 0 0 0 0 0 0 0 0 0 0 0 0 0 0 0 0 0 0 0 0 0 28 
0 0 0 0 0 0 0 0 0 0 0 0 0 0 0 0 0 0 0 0 0 0 0 0 0 0 0 0 0 0 0 0 0 0 0 0 0 0 0 0 0 0 0 0 0 0 0 0 0 0 0 0 0 0 0 0 0 0 0 0 0 0 0 0 0 0 0 0 0 0 
