1004,1102
101,2237
10515,882
110,2794
1146,1426
117,1026
123,1302
12925,1467
13041,1051
1327,1786
1393,1161
14098,1291
147,1779
15832,1143
16010,1316
161,1010
16217,1166
170,3099
175,970
179,998
185,1376
19,1005
201,1133
2238,1715
225,3257
237,3032
242,911
249,1160
255,1474
258,987
264,895
270,1734
271,2094
286,1183
2958,904
301,1204
31,920
310,2594
32,15167
3270,950
338,1274
36,2936
37,1074
38,15596
39,50675
41,14945
413,1880
438,1863
45,911
475,2167
479,926
48,42135
49,1120
522,974
533,1487
548,1137
589,1119
592,1227
60,1489
604,1209
65,4472
677,1110
740,1181
78,1060
783,965
79,1600
824,1210
89,3837
9,1372
956,911
101,39,1400
101,48,1311
110,38,2725
110,39,1759
110,48,1380
1146,39,983
12925,39,938
1327,39,1156
1327,48,968
147,39,1137
147,48,1036
170,38,3031
170,39,2059
170,48,1557
2238,39,1287
2238,48,955
225,39,2351
225,48,1736
237,39,1929
237,48,1682
255,39,1057
255,48,1057
270,39,1194
270,48,957
271,39,1434
271,48,1090
286,38,1116
310,39,1852
310,48,1692
32,38,2833
32,39,8455
32,41,3196
32,48,8034
36,38,2790
36,39,2037
36,48,1416
37,38,1046
38,39,10345
38,41,3897
38,48,7944
39,41,11414
39,413,1130
39,438,1260
39,475,1500
39,48,29142
39,533,922
39,60,983
39,65,2787
39,79,1111
39,89,2749
41,48,9018
41,65,995
413,48,1135
438,48,1025
475,48,1428
48,65,2529
48,79,893
48,89,2798
101,39,48,946
110,38,39,1740
110,38,48,1361
110,39,48,1037
170,38,39,2019
170,38,48,1538
170,39,48,1206
225,39,48,1400
237,39,48,1244
310,39,48,1347
32,38,39,1840
32,38,48,1646
32,39,41,2359
32,39,48,5402
32,41,48,2063
36,38,39,1945
36,38,48,1360
36,39,48,1116
38,39,41,3051
38,39,48,6102
38,41,48,2374
39,41,48,7366
39,475,48,1092
39,48,65,1797
39,48,89,2125
110,38,39,48,1031
170,38,39,48,1193
32,38,39,48,1236
32,39,41,48,1646
36,38,39,48,1080
38,39,41,48,1991
